measuring time...
0, 30999, 37998
1, 27998, 37998
2, 29998, 36998
3, 30999, 36998
4, 28998, 36997
5, 29998, 37998
6, 29998, 36997
7, 29998, 37998
8, 28999, 37998
9, 29998, 37998
10, 29999, 36998
11, 33998, 37998
12, 29998, 36998
13, 29998, 37998
14, 29999, 37998
15, 28998, 37998
16, 29999, 37998
17, 30998, 37998
18, 29999, 37998
19, 29998, 37997
20, 30998, 36998
21, 29998, 37997
22, 29998, 36998
23, 29998, 37998
24, 29998, 36998
25, 29999, 36998
26, 29998, 55997
27, 30999, 37998
28, 29998, 37998
29, 29999, 36998
30, 29998, 36997
31, 29999, 37998
32, 29998, 37997
33, 29999, 36998
34, 29998, 36997
35, 29998, 37998
36, 29998, 52997
37, 135992, 37997
38, 59997, 64996
39, 37998, 53997
40, 29998, 36998
41, 30998, 37998
42, 29998, 37998
43, 28999, 47997
44, 29999, 36998
45, 29998, 47998
46, 30998, 36998
47, 29998, 38997
48, 34998, 37997
49, 29998, 36998
50, 40998, 36998
51, 28998, 36998
52, 31999, 37998
53, 29998, 42998
54, 37998, 37998
55, 29998, 37998
56, 34998, 37997
57, 29998, 37998
58, 29998, 24998
59, 19999, 38997
60, 18999, 24999
61, 19998, 24999
62, 19999, 24999
63, 18998, 23999
64, 18999, 166990
65, 23999, 31998
66, 22999, 31998
67, 22999, 32998
68, 24998, 32998
69, 23998, 30998
70, 23998, 31998
71, 22999, 30998
72, 21998, 30998
73, 24998, 31998
74, 28998, 30999
75, 55997, 33998
76, 26998, 40998
77, 43997, 50997
78, 42998, 44997
79, 30998, 38998
80, 33998, 38997
81, 30999, 38998
82, 28998, 37997
83, 94994, 25998
84, 19999, 24998
85, 19999, 24998
86, 20999, 26998
87, 21999, 28999
88, 21999, 26998
89, 20999, 24999
90, 21998, 25999
91, 21998, 28998
92, 22999, 25999
93, 20999, 25998
94, 19999, 40998
95, 15999, 19999
96, 15999, 18999
97, 14999, 18999
98, 14999, 18999
99, 15999, 18999
100, 15999, 24998
101, 14999, 18999
102, 15000, 18999
103, 13999, 18999
104, 15999, 18999
105, 25999, 17999
106, 14999, 18999
107, 14999, 17998
108, 14999, 18999
109, 14999, 18999
110, 14999, 18999
111, 14999, 18999
112, 15000, 18999
113, 14999, 17999
114, 13999, 18999
115, 15000, 18999
116, 14999, 18999
117, 14999, 18999
118, 14999, 17999
119, 15999, 17999
120, 14999, 17999
121, 14999, 18999
122, 14999, 18999
123, 13999, 18999
124, 15999, 18999
125, 14999, 18998
126, 14999, 18999
127, 14999, 18999
128, 15999, 18999
129, 14000, 18999
130, 14999, 18999
131, 13999, 18999
132, 14999, 18998
133, 15999, 18999
134, 14999, 18999
135, 14999, 17999
136, 14000, 18999
137, 13999, 18999
138, 14999, 18999
139, 14999, 18998
140, 14999, 31998
141, 11999, 15999
142, 11999, 14999
143, 11999, 16000
144, 11999, 16000
145, 11999, 15999
146, 11999, 14999
147, 11999, 15999
148, 11999, 15999
149, 11999, 15999
150, 11999, 14999
151, 11999, 14999
152, 11999, 14999
153, 11999, 14999
154, 11999, 15999
155, 11999, 15999
156, 11999, 15999
157, 12000, 14999
158, 130993, 15000
159, 12999, 15999
160, 11999, 14999
161, 11999, 14999
162, 11999, 14999
163, 11999, 14999
164, 11999, 14999
165, 12999, 14999
166, 12000, 14999
167, 12000, 15999
168, 12000, 15999
169, 12000, 14999
170, 12000, 14999
171, 12000, 14999
172, 13000, 15999
173, 12000, 15999
174, 11000, 14999
175, 12000, 15999
176, 12000, 14999
177, 11999, 14999
178, 11999, 14999
179, 11999, 14999
180, 11999, 14999
181, 11999, 15999
182, 11999, 15999
183, 11999, 14999
184, 11999, 15000
185, 11999, 16000
186, 11999, 15000
187, 12999, 15999
188, 11999, 16000
189, 11999, 15000
190, 11999, 14999
191, 11999, 14999
192, 11999, 14999
193, 11999, 14999
194, 11999, 14999
195, 11999, 14999
196, 12999, 14999
197, 12999, 14999
198, 11000, 14999
199, 12999, 15999
200, 12000, 15999
201, 12000, 14999
202, 12000, 15999
203, 12000, 15999
204, 12000, 14999
205, 12000, 14999
206, 12999, 14999
207, 12999, 15999
208, 11999, 15999
209, 11999, 14999
210, 12999, 14999
211, 12999, 15999
212, 11999, 15999
213, 11999, 15000
214, 11999, 15000
215, 12999, 15000
216, 12999, 15999
217, 11999, 15999
218, 11999, 14999
219, 11999, 14999
220, 11999, 14999
221, 12999, 14999
222, 11999, 15999
223, 11999, 14999
224, 12000, 14999
225, 12000, 14999
226, 12000, 14999
227, 12000, 14999
228, 12000, 14999
229, 12000, 59996
230, 11999, 15999
231, 11999, 14999
232, 11999, 14999
233, 13000, 15999
234, 12000, 15999
235, 12000, 14999
236, 11999, 14999
237, 11999, 14999
238, 11999, 14999
239, 10999, 15999
240, 11999, 15999
241, 11999, 14999
242, 12999, 15999
243, 11999, 14999
244, 11999, 15999
245, 11999, 14999
246, 11999, 15999
247, 11999, 15000
248, 12999, 14999
249, 11999, 15000
250, 11999, 15999
251, 10999, 15000
252, 11999, 15000
253, 11999, 15000
254, 11999, 15000
255, 12999, 16000
256, 11999, 14999
257, 12999, 15999
258, 11999, 14999
259, 11999, 14999
260, 11999, 14999
261, 11999, 15999
262, 12999, 15999
263, 11999, 14999
264, 11999, 14999
265, 11999, 15999
266, 10999, 14999
267, 11999, 13999
268, 11999, 14999
269, 11999, 14999
270, 12999, 15999
271, 11999, 14999
272, 12000, 14999
273, 11000, 14999
274, 13000, 14999
275, 12000, 14999
276, 12000, 15999
277, 12000, 14999
278, 12999, 14999
279, 10999, 13999
280, 12000, 14999
281, 11999, 15999
282, 11000, 14999
283, 12999, 14999
284, 12000, 14999
285, 11999, 14999
286, 11999, 14999
287, 11999, 15999
288, 11999, 14999
289, 11999, 14999
290, 11999, 14999
291, 11999, 15999
292, 11999, 14999
293, 55997, 13999
294, 10999, 13999
295, 11000, 13999
296, 12000, 13999
297, 11999, 14000
298, 10999, 13999
299, 10999, 13999
300, 11000, 13999
301, 11999, 13999
302, 10999, 14000
303, 10999, 13999
304, 11000, 13999
305, 12000, 13999
306, 10999, 14000
307, 10999, 13999
308, 10999, 14999
309, 11000, 13999
310, 10999, 13999
311, 10999, 14000
312, 10999, 13999
313, 11000, 13999
314, 11000, 14999
315, 9999, 13999
316, 10999, 12999
317, 11999, 13999
318, 11000, 13999
319, 10999, 14000
320, 10999, 13999
321, 10999, 13999
322, 11000, 13999
323, 10999, 14000
324, 9999, 13999
325, 10999, 13999
326, 11000, 13999
327, 10999, 14000
328, 11999, 13999
329, 10999, 14999
330, 10000, 12999
331, 10999, 14000
332, 11999, 13999
333, 10999, 14999
334, 12000, 13999
335, 11000, 12999
336, 10999, 13999
337, 10999, 14999
338, 11000, 13999
339, 11000, 13999
340, 10999, 12999
341, 11999, 13999
342, 11000, 14999
343, 10999, 13999
344, 10999, 13999
345, 10999, 13999
346, 21999, 14000
347, 149991, 13999
348, 12000, 13999
349, 10999, 15000
350, 10999, 13999
351, 10999, 13999
352, 11000, 13999
353, 11999, 13999
354, 10999, 14000
355, 10999, 13999
356, 11000, 12999
357, 11000, 13999
358, 10999, 15000
359, 10999, 13999
360, 11999, 13999
361, 11000, 13999
362, 11999, 13999
363, 10999, 13000
364, 11999, 63996
365, 11999, 13999
366, 11000, 13999
367, 10999, 13999
368, 10999, 14000
369, 10999, 13999
370, 10999, 13999
371, 12000, 12999
372, 11999, 14000
373, 10999, 13999
374, 11999, 13999
375, 12000, 13999
376, 10999, 13999
377, 10999, 13999
378, 10999, 13999
379, 11000, 13999
380, 11999, 13999
381, 10999, 13999
382, 10999, 13999
383, 11000, 13999
384, 10999, 13999
385, 11999, 14000
386, 10999, 13999
387, 11000, 13999
388, 11000, 13999
389, 10999, 14000
390, 11999, 13999
391, 10999, 12999
392, 10000, 13999
393, 10999, 14000
394, 10999, 13999
395, 11000, 13999
396, 10999, 14000
397, 10999, 12999
398, 11000, 13999
399, 11000, 13999
400, 11999, 13999
401, 11999, 14000
402, 10999, 13999
403, 10000, 13999
404, 66996, 17999
405, 12999, 18999
406, 26999, 12999
407, 11000, 13999
408, 10999, 13999
409, 10999, 15000
410, 10999, 13999
411, 21999, 14999
412, 10999, 13999
413, 11000, 13999
414, 11000, 12999
415, 21998, 14999
416, 11000, 13999
417, 10999, 14000
418, 10999, 13999
419, 20999, 17999
420, 11000, 13999
421, 11000, 13999
422, 10999, 14000
423, 10999, 76995
424, 10999, 13999
425, 10999, 14000
426, 10999, 13999
427, 11000, 78996
428, 10999, 13999
429, 10999, 13999
430, 11000, 13999
431, 11000, 80995
432, 11999, 13999
433, 12000, 13999
434, 11000, 13999
435, 10999, 75995
436, 11999, 13999
437, 10999, 14000
438, 10999, 13999
439, 10999, 87995
440, 10999, 13999
441, 10999, 13999
442, 11000, 13999
443, 11999, 94995
444, 11999, 13999
445, 10999, 13999
446, 11000, 13999
447, 10999, 89995
448, 11000, 13999
449, 11000, 13999
450, 10999, 13999
451, 10999, 80995
452, 11000, 13999
453, 11000, 13999
454, 10999, 14000
455, 10999, 74996
456, 10999, 14000
457, 10999, 13999
458, 11000, 13999
459, 11000, 23998
460, 14000, 15999
461, 10999, 13999
462, 11000, 13999
463, 10999, 13999
464, 10999, 13999
465, 10999, 13999
466, 11000, 13999
467, 11000, 13999
468, 10999, 14000
469, 10999, 13999
470, 10999, 13999
471, 11000, 13999
472, 10999, 12999
473, 11999, 14000
474, 10999, 14999
475, 12000, 14999
476, 11000, 13999
477, 10999, 14000
478, 10999, 13999
479, 10999, 13999
480, 11000, 13999
481, 11999, 13999
482, 10999, 13000
483, 11999, 14999
484, 11000, 13999
485, 12000, 12999
486, 10999, 14000
487, 10999, 13999
488, 10000, 13999
489, 11000, 12999
490, 9999, 13999
491, 10999, 13999
492, 11000, 13999
493, 10999, 12999
494, 10999, 14000
495, 10999, 13999
496, 11000, 12999
497, 10999, 14000
498, 10999, 13999
499, 11999, 13999
500, 11000, 13999
501, 10999, 30998
502, 11000, 12999
503, 10999, 13999
504, 10999, 13999
505, 10999, 12999
506, 12000, 13999
507, 9999, 13000
508, 10999, 13999
509, 11000, 12999
510, 12000, 13999
511, 10999, 14999
512, 10999, 13999
513, 10999, 12999
514, 12000, 13999
515, 10999, 13999
516, 10999, 14000
517, 10999, 14999
518, 11000, 14999
519, 11999, 13999
520, 10999, 13999
521, 11999, 13999
522, 11000, 12999
523, 11999, 14000
524, 10999, 13999
525, 10999, 13999
526, 11000, 13999
527, 10999, 14999
528, 10999, 12999
529, 11000, 13999
530, 11000, 13999
531, 10999, 14999
532, 11999, 12999
533, 10999, 13999
534, 11000, 13999
535, 10999, 14000
536, 9999, 13999
537, 9999, 13999
538, 11000, 13999
539, 10999, 14000
540, 10999, 13999
541, 12000, 13999
542, 11000, 14999
543, 9999, 14000
544, 10999, 13999
545, 10999, 13999
546, 11000, 12999
547, 10999, 14999
548, 11000, 12999
549, 11999, 14999
550, 11999, 13999
551, 11999, 13999
552, 11000, 12999
553, 11999, 13999
554, 9999, 30999
555, 10999, 13999
556, 9999, 13999
557, 10000, 13999
558, 10999, 14000
559, 10999, 13999
560, 10999, 13999
561, 10000, 13999
562, 10999, 14000
563, 10999, 13999
564, 10999, 13999
565, 12000, 13999
566, 11999, 13999
567, 17999, 18999
568, 13999, 18998
569, 10999, 14000
570, 10999, 13999
571, 10999, 13999
572, 12000, 13999
573, 10999, 13999
574, 10999, 14000
575, 10999, 13999
576, 11000, 13999
577, 11000, 13999
578, 10999, 13999
579, 9999, 13999
580, 11999, 13999
581, 11000, 13999
582, 11999, 13999
583, 10999, 14000
584, 10999, 13999
585, 11000, 12999
586, 11000, 14999
587, 11999, 14000
588, 9999, 13999
589, 11000, 13999
590, 12000, 13999
591, 10999, 14000
592, 10999, 13999
593, 9999, 12999
594, 11000, 13999
595, 10999, 14000
596, 10999, 13999
597, 11000, 13999
598, 11000, 13999
599, 10999, 13999
600, 10999, 13999
601, 11999, 13999
602, 11000, 13999
603, 10999, 13999
604, 10999, 13999
605, 10999, 13999
606, 10000, 13999
607, 14999, 13999
608, 11999, 13999
609, 11999, 13999
610, 9999, 13999
611, 12000, 12999
612, 10999, 14000
613, 10999, 13999
614, 10000, 13999
615, 11000, 13999
616, 10999, 14000
617, 11999, 12999
618, 10999, 14999
619, 12000, 13999
620, 9999, 14000
621, 10999, 12999
622, 11000, 13999
623, 10999, 14000
624, 10999, 13999
625, 10999, 13999
626, 12000, 13999
627, 10999, 14000
628, 10999, 13999
629, 11999, 12999
630, 11000, 13999
631, 10999, 13000
632, 10999, 13999
633, 10999, 13999
634, 12000, 13999
635, 10999, 13000
636, 10999, 13999
637, 10999, 13999
638, 11000, 13999
639, 10999, 14000
640, 10999, 14999
641, 10999, 13999
642, 10000, 22999
643, 11000, 12999
644, 10000, 13999
645, 10999, 14000
646, 10999, 12999
647, 10000, 14999
648, 11000, 12999
649, 11999, 13000
650, 10999, 13999
651, 11999, 13999
652, 10000, 13999
653, 10999, 14000
654, 11999, 13999
655, 11000, 13999
656, 11000, 12999
657, 11999, 13000
658, 10999, 13999
659, 11000, 14999
660, 10999, 13999
661, 13999, 13000
662, 9999, 13999
663, 11000, 13999
664, 11000, 13999
665, 11999, 13000
666, 10999, 13999
667, 11000, 13999
668, 11000, 13999
669, 11999, 14000
670, 9999, 13999
671, 10999, 13999
672, 11000, 12999
673, 10999, 14000
674, 9999, 13999
675, 10999, 14999
676, 11000, 13999
677, 10999, 14000
678, 10999, 13999
679, 10999, 13999
680, 39998, 14000
681, 10999, 14000
682, 10999, 13999
683, 11000, 13999
684, 10999, 13999
685, 11999, 14000
686, 10999, 13999
687, 11000, 13999
688, 11000, 12999
689, 11999, 13999
690, 10999, 13999
691, 10999, 13999
692, 11000, 13999
693, 11000, 13999
694, 10999, 14000
695, 10999, 13999
696, 11000, 13999
697, 11000, 13999
698, 10999, 14000
699, 10999, 13999
700, 10999, 13999
701, 11000, 13999
702, 9999, 13999
703, 10999, 14000
704, 10999, 13999
705, 11000, 12999
706, 11000, 13999
707, 10999, 14000
708, 10999, 12999
709, 11000, 13999
710, 11000, 13999
711, 10999, 13999
712, 10999, 12999
713, 11000, 13999
714, 11000, 13999
715, 10999, 14000
716, 10999, 13999
717, 10000, 13999
718, 11000, 12999
719, 9999, 13999
720, 10999, 12999
721, 11000, 12999
722, 11999, 14999
723, 11999, 13999
724, 11999, 13999
725, 11000, 12999
726, 9999, 13000
727, 10999, 13999
728, 9999, 13999
729, 11000, 13999
730, 10999, 14000
731, 10999, 13999
732, 22999, 13999
733, 10999, 13999
734, 11999, 13999
735, 11000, 14999
736, 19999, 13999
737, 12999, 12999
738, 10999, 12999
739, 12000, 13999
740, 11999, 13999
741, 11999, 13999
742, 10999, 13999
743, 11000, 13999
744, 11999, 13999
745, 10999, 14000
746, 10999, 13999
747, 11000, 13999
748, 11000, 13999
749, 11999, 14000
750, 10999, 13999
751, 10999, 13999
752, 12000, 12999
753, 11999, 14000
754, 10999, 13999
755, 10999, 13999
756, 11000, 12999
757, 10999, 13999
758, 10999, 14000
759, 9999, 13999
760, 15999, 16999
761, 12999, 16999
762, 12999, 17999
763, 12000, 16999
764, 11999, 16999
765, 12999, 15999
766, 12999, 18999
767, 13999, 13999
768, 11000, 13999
769, 11000, 13999
770, 10999, 13999
771, 10999, 14000
772, 11999, 14000
773, 10999, 13999
774, 10999, 13999
775, 12000, 13999
776, 15999, 13999
777, 11999, 45997
778, 12999, 17999
779, 12999, 164990
780, 13999, 16999
781, 13999, 18999
782, 13999, 18998
783, 13999, 17999
784, 30998, 16999
785, 13999, 18999
786, 41997, 127993
787, 16999, 29998
788, 12999, 63996
789, 12999, 16999
790, 13000, 18999
791, 13999, 17999
792, 13999, 319981
793, 14000, 18998
794, 12999, 18999
795, 13999, 549967
796, 22999, 18999
797, 14999, 18999
798, 31998, 18998
799, 11999, 18999
800, 13999, 37997
801, 13999, 18999
802, 31998, 21999
803, 14000, 13999
804, 32998, 17999
805, 13999, 17999
806, 22999, 71995
807, 11000, 13999
808, 11999, 14000
809, 11999, 14000
810, 10999, 13999
811, 11000, 13999
812, 11000, 13999
813, 11999, 13999
814, 11999, 13999
815, 10999, 13999
816, 12000, 13999
817, 12000, 13999
818, 11999, 13999
819, 11000, 13999
820, 10999, 14000
821, 11999, 13999
822, 12999, 18998
823, 12999, 17999
824, 45997, 13999
825, 11999, 13999
826, 11000, 13999
827, 10999, 13999
828, 10999, 14999
829, 12999, 13999
830, 11999, 13999
831, 11000, 13999
832, 11000, 13999
833, 10999, 14000
834, 10999, 17999
835, 11999, 13999
836, 11999, 13999
837, 11000, 13999
838, 11999, 14000
839, 10999, 13999
840, 16999, 14000
841, 10999, 13999
842, 11000, 13999
843, 11000, 13999
844, 10999, 14000
845, 11999, 18998
846, 10999, 15000
847, 10999, 13999
848, 10000, 13999
849, 11000, 13999
850, 10999, 14000
851, 17999, 13999
852, 9999, 13999
853, 10999, 13999
854, 11000, 13999
855, 11000, 13999
856, 11999, 19999
857, 10999, 14000
858, 10999, 16999
859, 12999, 14999
860, 10999, 15000
861, 10999, 13999
862, 10999, 13999
863, 11000, 13999
864, 10999, 14000
865, 10999, 14999
866, 10999, 13999
867, 11000, 13999
868, 11000, 12999
869, 11999, 14000
870, 11999, 13999
871, 11000, 14999
872, 11000, 13999
873, 10999, 15000
874, 10999, 14999
875, 11999, 13999
876, 11000, 20999
877, 11000, 37998
878, 42997, 13999
879, 11000, 13999
880, 11000, 13999
881, 11999, 14000
882, 10999, 13999
883, 10999, 13999
884, 11000, 13999
885, 10999, 13999
886, 10999, 13000
887, 11999, 13999
888, 11000, 13999
889, 10999, 13999
890, 10999, 14000
891, 10999, 13999
892, 11000, 13999
893, 11000, 13999
894, 10999, 14000
895, 10999, 13999
896, 11999, 15000
897, 15999, 14999
898, 12000, 13999
899, 11999, 13999
900, 10999, 14000
901, 10999, 13999
902, 10999, 13999
903, 11000, 13999
904, 10999, 13999
905, 11999, 13999
906, 11999, 13999
907, 11000, 13999
908, 11000, 46997
909, 29999, 37998
910, 29998, 37997
911, 27998, 37998
912, 30998, 36997
913, 29998, 37998
914, 28998, 36998
915, 52997, 37997
916, 30998, 36998
917, 30998, 37998
918, 29999, 36998
919, 29998, 37997
920, 29999, 37998
921, 29998, 37997
922, 15999, 15999
923, 13000, 15999
924, 12000, 14999
925, 12000, 14999
926, 12000, 14999
927, 11999, 15999
928, 11999, 15999
929, 11999, 14999
930, 11999, 14999
931, 12999, 14999
932, 12999, 14999
933, 12999, 14999
934, 11999, 14999
935, 11999, 15999
936, 10999, 14999
937, 11999, 14999
938, 11999, 14999
939, 11999, 14999
940, 11999, 14999
941, 11999, 14999
942, 11999, 15000
943, 12999, 15000
944, 10999, 16000
945, 11999, 15999
946, 11999, 15999
947, 11999, 14999
948, 11999, 15999
949, 11999, 15999
950, 11999, 15999
951, 10999, 17999
952, 11999, 14999
953, 11999, 14999
954, 11999, 14999
955, 12000, 14999
956, 13000, 15999
957, 12000, 15999
958, 12000, 14999
959, 13000, 14999
960, 12000, 15999
961, 12000, 14999
962, 12000, 15999
963, 11999, 15999
964, 11999, 14999
965, 11999, 14999
966, 12999, 14999
967, 11999, 14999
968, 11999, 14999
969, 12999, 14999
970, 12999, 15999
971, 10999, 15999
972, 11999, 15999
973, 11999, 15000
974, 11999, 54997
975, 29998, 37998
976, 29998, 37997
977, 29998, 36998
978, 29998, 36997
979, 29998, 37998
980, 29998, 37998
981, 29998, 36998
982, 29999, 37998
983, 29998, 36998
984, 29999, 37998
985, 33998, 37998
986, 29998, 37998
987, 29998, 37998
988, 29999, 37998
989, 30998, 36998
990, 29999, 37998
991, 29998, 37997
992, 29998, 37998
993, 29998, 37997
994, 30998, 37998
995, 28998, 37998
996, 29998, 36998
997, 29999, 37998
998, 29998, 37998
999, 29999, 37998
1000, 30998, 37998
1001, 29998, 37998
1002, 29998, 36997
1003, 29998, 36998
1004, 29998, 39997
1005, 29998, 37998
1006, 29998, 38997
1007, 28998, 37998
1008, 29998, 36998
1009, 29998, 38998
1010, 30998, 37997
1011, 29998, 36998
1012, 30998, 37997
1013, 30998, 37998
1014, 29998, 37997
1015, 28998, 36998
1016, 35998, 48997
1017, 34998, 37998
1018, 29998, 37998
1019, 28999, 37998
1020, 29998, 37997
1021, 29998, 37998
1022, 34998, 36998
1023, 50997, 37997
1024, 29998, 35998
1025, 31998, 58997
1026, 31998, 38998
1027, 30998, 39998
1028, 30998, 70995
1029, 29998, 37998
1030, 29998, 37997
1031, 28998, 36998
1032, 29999, 37998
1033, 29998, 37997
1034, 29998, 62996
1035, 36998, 49997
1036, 37998, 49997
1037, 68996, 37998
1038, 29999, 36998
1039, 29998, 31999
1040, 24999, 23998
1041, 19999, 24998
1042, 19999, 24998
1043, 19999, 24998
1044, 18999, 39998
1045, 19998, 24999
1046, 19999, 23999
1047, 19999, 23998
1048, 18999, 23998
1049, 19999, 24998
1050, 19999, 24999
1051, 19999, 24999
1052, 19998, 23999
1053, 19999, 24998
1054, 19999, 24998
1055, 19999, 23998
1056, 19999, 24998
1057, 19999, 24999
1058, 18999, 23999
1059, 17998, 23999
1060, 19999, 23998
1061, 18999, 23998
1062, 18999, 23998
1063, 18999, 24998
1064, 18999, 66996
1065, 24998, 32998
1066, 24998, 33998
1067, 24998, 33998
1068, 24999, 33998
1069, 24999, 68995
1070, 24998, 33998
1071, 24998, 41997
1072, 17999, 25998
1073, 18999, 25999
1074, 18998, 25999
1075, 33998, 18998
1076, 14999, 18999
1077, 14999, 18999
1078, 14999, 27998
1079, 18999, 18999
1080, 56996, 19999
1081, 17999, 18999
1082, 26998, 24999
1083, 26998, 23999
1084, 18999, 43997
1085, 15999, 88994
1086, 18999, 66996
1087, 15999, 105993
1088, 17999, 99994
1089, 15999, 18999
1090, 41997, 28998
1091, 18999, 22999
1092, 19998, 18999
1093, 15999, 18999
1094, 14999, 18999
1095, 14999, 18999
1096, 13999, 18999
1097, 18999, 35998
1098, 21999, 24998
1099, 18999, 19999
1100, 40998, 17999
1101, 14999, 18999
1102, 14999, 18999
1103, 15000, 17999
1104, 15999, 17999
1105, 14999, 18999
1106, 14999, 18999
1107, 15000, 17999
1108, 14999, 18999
1109, 14999, 17999
1110, 14999, 18999
1111, 15999, 18999
1112, 14999, 17999
1113, 18999, 23999
1114, 19999, 24999
1115, 19998, 24999
1116, 17999, 23999
1117, 19999, 24998
1118, 19999, 36998
1119, 19999, 24999
1120, 19998, 24999
1121, 18999, 23999
1122, 32998, 23998
1123, 19999, 23999
1124, 21999, 23999
1125, 18999, 36998
1126, 18999, 23999
1127, 19999, 24998
1128, 19999, 24998
1129, 31998, 23999
1130, 18998, 23999
1131, 18999, 23998
1132, 18999, 35998
1133, 19999, 24999
1134, 18999, 23999
1135, 19998, 24999
1136, 21998, 24999
1137, 19999, 23998
1138, 18999, 24998
1139, 22999, 23998
1140, 19999, 24998
1141, 19999, 23998
1142, 18999, 27998
1143, 18999, 23999
1144, 18999, 23999
1145, 19998, 23999
1146, 18999, 24999
1147, 19999, 24998
1148, 19999, 24998
1149, 19999, 23998
1150, 18999, 43997
1151, 28999, 43997
1152, 45998, 37998
1153, 19998, 24999
1154, 18999, 23998
1155, 19999, 77996
1156, 19999, 23998
1157, 19999, 24998
1158, 19999, 57997
1159, 34998, 24999
1160, 18999, 23999
1161, 18999, 23998
1162, 18999, 23998
1163, 19999, 24998
1164, 19999, 24998
1165, 18999, 23999
1166, 19998, 24999
1167, 19998, 23999
1168, 19999, 24998
1169, 19999, 26998
1170, 19999, 24998
1171, 19999, 24998
1172, 19999, 40997
1173, 80995, 29998
1174, 19999, 24998
1175, 19999, 24998
1176, 19999, 23999
1177, 18999, 23999
1178, 18998, 23999
1179, 18999, 23999
1180, 21999, 23999
1181, 19999, 24998
1182, 19999, 25998
1183, 20999, 24998
1184, 20999, 24999
1185, 19998, 25999
1186, 19999, 25999
1187, 19999, 24999
1188, 19998, 24999
1189, 20998, 24999
1190, 19999, 25998
1191, 20999, 26998
1192, 21999, 24999
1193, 20998, 25999
1194, 20999, 25998
1195, 21999, 25998
1196, 20998, 24999
1197, 20999, 25998
1198, 20999, 24998
1199, 20999, 25998
1200, 20999, 24999
1201, 20998, 25999
1202, 21999, 38997
1203, 31998, 38997
1204, 31999, 38997
1205, 30998, 37998
1206, 31998, 39998
1207, 31998, 38998
1208, 30998, 37998
1209, 31998, 38997
1210, 31998, 38997
1211, 30998, 37998
1212, 30998, 38998
1213, 30998, 38998
1214, 30998, 38997
1215, 30998, 38998
1216, 30998, 38998
1217, 30998, 38998
1218, 31998, 39998
1219, 30998, 38997
1220, 31998, 39997
1221, 31999, 39997
1222, 31998, 39997
1223, 31999, 38997
1224, 31998, 38998
1225, 31998, 39997
1226, 31999, 39997
1227, 31998, 39998
1228, 30998, 38998
1229, 32998, 39998
1230, 31998, 38998
1231, 30998, 37998
1232, 30998, 36998
1233, 29999, 37998
1234, 92994, 58997
1235, 52997, 37998
1236, 29998, 36998
1237, 29998, 36998
1238, 29999, 36998
1239, 29998, 37997
1240, 29998, 37998
1241, 29998, 36997
1242, 29998, 37998
1243, 29998, 37997
1244, 29998, 37998
1245, 29999, 37998
1246, 30998, 36998
1247, 29999, 37998
1248, 82995, 37998
1249, 29998, 37998
1250, 28999, 37998
1251, 29998, 36998
1252, 29999, 37998
1253, 29998, 37997
1254, 29998, 36998
1255, 29998, 37997
1256, 241985, 47997
1257, 18999, 23998
1258, 18999, 23998
1259, 19999, 23999
1260, 19998, 24999
1261, 19998, 23999
1262, 18999, 23998
1263, 19999, 23998
1264, 18999, 24998
1265, 19999, 24999
1266, 17999, 23999
1267, 18999, 24999
1268, 18999, 23998
1269, 19999, 23998
1270, 18999, 23998
1271, 19999, 23999
1272, 18999, 23999
1273, 19998, 24999
1274, 19999, 24999
1275, 18999, 23998
1276, 19999, 24998
1277, 29998, 37998
1278, 28999, 37998
1279, 28998, 36997
1280, 29998, 37998
1281, 29998, 36998
1282, 29998, 56997
1283, 29998, 37998
1284, 29998, 36998
1285, 29999, 37998
1286, 29998, 37998
1287, 29999, 37998
1288, 29998, 36997
1289, 29998, 37998
1290, 30998, 36997
1291, 29998, 36998
1292, 29998, 37997
1293, 30998, 37998
1294, 29998, 36998
1295, 29998, 37998
1296, 29999, 37998
1297, 29998, 36998
1298, 29998, 36998
1299, 30998, 36997
1300, 29998, 37998
1301, 29998, 37997
1302, 29998, 37998
1303, 29998, 37997
1304, 29998, 37998
1305, 29998, 37998
1306, 29998, 36998
1307, 29999, 242986
1308, 30999, 37998
1309, 29998, 37998
1310, 29998, 49997
1311, 32998, 86995
1312, 30998, 56996
1313, 29998, 37998
1314, 29998, 36998
1315, 29998, 36998
1316, 29999, 69996
1317, 29998, 36998
1318, 29999, 36998
1319, 28998, 36997
1320, 29998, 36998
1321, 29998, 36997
1322, 29998, 36998
1323, 29998, 37998
1324, 29998, 36998
1325, 29999, 55997
1326, 29998, 36998
1327, 62996, 71996
1328, 48997, 52997
1329, 46997, 62996
1330, 45997, 55997
1331, 44998, 220987
1332, 125992, 62996
1333, 38998, 50997
1334, 42998, 64996
1335, 39997, 55997
1336, 39998, 99994
1337, 42998, 71996
1338, 37998, 53997
1339, 29998, 59997
1340, 57996, 77996
1341, 28998, 34998
1342, 28998, 53997
1343, 34998, 38998
1344, 31998, 39997
1345, 33998, 39998
1346, 27998, 37998
1347, 18999, 43997
1348, 30998, 34998
1349, 24998, 33998
1350, 19999, 28998
1351, 23998, 24999
1352, 19998, 24999
1353, 19999, 24998
1354, 19999, 23998
1355, 18999, 23998
1356, 18999, 24998
1357, 19999, 23998
1358, 19999, 23999
1359, 18999, 23999
1360, 18998, 23999
1361, 19998, 24999
1362, 23998, 24999
1363, 19999, 24999
1364, 19999, 24998
1365, 19999, 24998
1366, 19999, 24998
1367, 18999, 23998
1368, 18999, 24999
1369, 19998, 23999
1370, 18999, 23999
1371, 19999, 24998
1372, 17999, 23998
1373, 19999, 24999
1374, 19999, 24999
1375, 19998, 24999
1376, 18999, 23999
1377, 18999, 24998
1378, 18999, 23998
1379, 19999, 24998
1380, 19999, 24999
1381, 18999, 24999
1382, 18998, 23999
1383, 19999, 24998
1384, 19999, 24998
1385, 18999, 23998
1386, 19999, 49997
1387, 30998, 36998
1388, 29998, 37998
1389, 29998, 26998
1390, 19999, 23998
1391, 19999, 24999
1392, 18998, 23999
1393, 18999, 23999
1394, 19999, 23998
1395, 19999, 24998
1396, 18999, 24999
1397, 19999, 24999
1398, 19998, 23999
1399, 19999, 24999
1400, 19999, 24998
1401, 19999, 24998
1402, 40997, 67996
1403, 18999, 74996
1404, 29998, 37997
1405, 40998, 27998
1406, 18999, 40998
1407, 32998, 145991
1408, 30998, 24998
1409, 19999, 122993
1410, 19999, 24999
1411, 19999, 23999
1412, 18998, 24999
1413, 18999, 24998
1414, 18999, 23999
1415, 19998, 24999
1416, 19998, 24999
1417, 19998, 23999
1418, 19999, 24998
1419, 19999, 24998
1420, 19999, 23998
1421, 19999, 24999
1422, 19999, 23999
1423, 18999, 23999
1424, 18999, 24998
1425, 19999, 24998
1426, 19999, 23998
1427, 18999, 56996
1428, 19999, 23998
1429, 19999, 24999
1430, 19999, 24999
1431, 19998, 24999
1432, 19999, 24999
1433, 19999, 61996
1434, 29998, 37997
1435, 29998, 37998
1436, 29998, 36997
1437, 29998, 36998
1438, 27998, 37998
1439, 29998, 37998
1440, 29999, 36998
1441, 30998, 37998
1442, 30999, 37998
1443, 30998, 37997
1444, 29999, 37998
1445, 27998, 37997
1446, 29998, 37998
1447, 29998, 37997
1448, 29998, 60997
1449, 30999, 37998
1450, 29998, 37998
1451, 30999, 36998
1452, 29998, 37997
1453, 29998, 37998
1454, 29998, 36997
1455, 29998, 36998
1456, 29998, 37997
1457, 29998, 36998
1458, 29999, 36998
1459, 29998, 37997
1460, 30998, 37998
1461, 29998, 37997
1462, 29998, 37998
1463, 27999, 37998
1464, 30998, 36998
1465, 28999, 36998
1466, 29998, 37998
1467, 30998, 37998
1468, 30998, 150991
1469, 29998, 36998
1470, 29998, 36998
1471, 29998, 37998
1472, 30998, 37998
1473, 29998, 37998
1474, 29998, 36998
1475, 29998, 37998
1476, 30998, 36998
1477, 30998, 37998
1478, 29999, 36998
1479, 29998, 37998
1480, 29999, 36998
1481, 29998, 37997
1482, 29998, 37998
1483, 29998, 36997
1484, 29998, 37998
1485, 29998, 37997
1486, 29998, 37998
1487, 30998, 36997
1488, 48997, 37998
1489, 29998, 36997
1490, 29998, 36998
1491, 29998, 36998
1492, 29998, 37998
1493, 29999, 36998
1494, 29998, 37998
1495, 29999, 37998
1496, 29998, 37998
1497, 29999, 36998
1498, 29998, 37997
1499, 29998, 36998
1500, 29998, 37997
1501, 29998, 37998
1502, 29998, 37998
1503, 29998, 37998
1504, 29998, 37998
1505, 29998, 46997
1506, 79995, 45998
1507, 30998, 37998
1508, 30998, 36998
1509, 29998, 37998
1510, 29998, 135992
1511, 31998, 37998
1512, 29999, 36998
1513, 29998, 37997
1514, 30998, 37998
1515, 30998, 36997
1516, 29998, 37998
1517, 29998, 36997
1518, 29998, 36998
1519, 29998, 37997
1520, 29998, 37998
1521, 30998, 37997
1522, 30998, 37998
1523, 29998, 37997
1524, 30998, 36998
1525, 33998, 37998
1526, 29999, 36998
1527, 30998, 37997
1528, 30998, 37998
1529, 29998, 48997
1530, 106994, 38998
1531, 81995, 36998
1532, 29998, 37997
1533, 33998, 42998
1534, 29998, 37997
1535, 57997, 60996
1536, 30998, 48997
1537, 51997, 99994
1538, 146991, 62996
1539, 29998, 36998
1540, 110994, 37998
1541, 32999, 48997
1542, 29998, 90995
1543, 20999, 29998
1544, 19999, 37998
1545, 116993, 24999
1546, 19999, 24999
1547, 18998, 24999
1548, 19999, 261985
1549, 19998, 178990
1550, 30998, 26998
1551, 135992, 30998
1552, 19998, 24999
1553, 19999, 24998
1554, 20999, 24998
1555, 19999, 28998
1556, 20998, 24999
1557, 132992, 47997
1558, 72995, 40998
1559, 35997, 85995
1560, 57997, 85995
1561, 183989, 48997
1562, 54997, 33998
1563, 20999, 58996
1564, 42997, 22999
1565, 54997, 66996
1566, 15999, 35998
1567, 54997, 86995
1568, 23999, 59996
1569, 49997, 52997
1570, 17999, 58997
1571, 326981, 21999
1572, 28999, 32998
1573, 24998, 49997
1574, 40998, 50997
1575, 27999, 19998
1576, 28998, 99994
1577, 16999, 230986
1578, 20999, 35998
1579, 13999, 14999
1580, 12000, 14999
1581, 38998, 51997
1582, 12999, 15999
1583, 12999, 15999
1584, 74996, 16999
1585, 11999, 15999
1586, 11999, 24999
1587, 14999, 15999
1588, 13000, 14999
1589, 14999, 21999
1590, 12999, 15999
1591, 14999, 25998
1592, 11999, 14999
1593, 45997, 14999
1594, 11999, 15999
1595, 14999, 17998
1596, 11999, 14999
1597, 18998, 20999
1598, 11999, 20998
1599, 17999, 16000
1600, 11999, 14999
1601, 13999, 88995
1602, 14999, 14999
1603, 12999, 22999
1604, 15999, 16999
1605, 12999, 15999
1606, 19998, 15999
1607, 11999, 14999
1608, 14999, 83995
1609, 12999, 16999
1610, 13000, 14999
1611, 16999, 14999
1612, 11999, 14999
1613, 11999, 25999
1614, 11999, 18998
1615, 12999, 15999
1616, 12000, 16999
1617, 150991, 37998
1618, 11999, 70995
1619, 11999, 15999
1620, 11999, 23999
1621, 11999, 17999
1622, 13000, 14999
1623, 12000, 23998
1624, 14000, 14999
1625, 11999, 21998
1626, 11999, 101994
1627, 11999, 14999
1628, 23999, 14999
1629, 16999, 15999
1630, 13999, 14999
1631, 12999, 15999
1632, 11999, 14999
1633, 11999, 14999
1634, 12999, 14999
1635, 12999, 15000
1636, 12999, 15000
1637, 11999, 15999
1638, 11999, 14999
1639, 11999, 15999
1640, 11999, 14999
1641, 11999, 14999
1642, 11999, 14999
1643, 11999, 15999
1644, 11999, 15999
1645, 11999, 14999
1646, 12999, 14999
1647, 12000, 15999
1648, 12000, 15999
1649, 12000, 14999
1650, 13000, 14999
1651, 12000, 70996
1652, 30998, 36998
1653, 29998, 37998
1654, 29998, 37998
1655, 29998, 37998
1656, 29998, 37998
1657, 29999, 37998
1658, 29998, 37998
1659, 29998, 36998
1660, 29998, 37997
1661, 29998, 37998
1662, 29998, 37997
1663, 30998, 36998
1664, 29998, 37997
1665, 29998, 37998
1666, 30998, 37997
1667, 35998, 41997
1668, 15999, 18999
1669, 13999, 18999
1670, 14999, 18999
1671, 14999, 18999
1672, 15000, 18999
1673, 14999, 18999
1674, 14999, 20999
1675, 14999, 18999
1676, 15000, 18999
1677, 14999, 17999
1678, 14999, 18999
1679, 14999, 18998
1680, 14999, 18999
1681, 14999, 18999
1682, 14999, 18999
1683, 14999, 18998
1684, 15999, 18999
1685, 14999, 17999
1686, 14999, 18999
1687, 14999, 67996
1688, 24999, 24999
1689, 18999, 23998
1690, 18999, 23998
1691, 18999, 23998
1692, 18999, 23999
1693, 18999, 23999
1694, 18999, 23999
1695, 19998, 23999
1696, 18999, 23998
1697, 18999, 23998
1698, 19999, 24998
1699, 19999, 23999
1700, 19999, 24999
1701, 30998, 37998
1702, 28998, 37998
1703, 30998, 37998
1704, 30998, 36998
1705, 29998, 36998
1706, 29999, 37998
1707, 29998, 36997
1708, 29998, 36998
1709, 29998, 36997
1710, 29998, 37998
1711, 29998, 43998
1712, 29998, 36998
1713, 28999, 36998
1714, 29998, 37997
1715, 28998, 37998
1716, 29998, 36998
1717, 27998, 37997
1718, 29998, 37998
1719, 28998, 36997
1720, 29998, 36998
1721, 29998, 36998
1722, 29998, 37998
1723, 29999, 37998
1724, 30998, 36998
1725, 29999, 37998
1726, 28998, 36997
1727, 29998, 37998
1728, 30998, 36998
1729, 30998, 36998
1730, 29998, 37997
1731, 33998, 37998
1732, 29998, 36997
1733, 29998, 42998
1734, 52997, 37998
1735, 29998, 36998
1736, 72996, 38998
1737, 38998, 24998
1738, 21999, 23998
1739, 19999, 23999
1740, 18999, 23999
1741, 23999, 23998
1742, 18999, 23999
1743, 18999, 23999
1744, 21998, 24998
1745, 18999, 23999
1746, 18999, 23999
1747, 18998, 32998
1748, 19999, 24998
1749, 18999, 23999
1750, 19999, 31998
1751, 19999, 23998
1752, 19999, 24998
1753, 19999, 24998
1754, 19999, 24999
1755, 19999, 24998
1756, 19999, 23998
1757, 19999, 23998
1758, 19999, 23998
1759, 18999, 23999
1760, 19999, 27998
1761, 19999, 24999
1762, 19999, 24999
1763, 19998, 23999
1764, 18999, 23998
1765, 26998, 24999
1766, 18998, 23999
1767, 19999, 23999
1768, 19998, 24999
1769, 70996, 26999
1770, 18998, 24999
1771, 19999, 24998
1772, 18999, 23998
1773, 19999, 24998
1774, 19999, 23999
1775, 19999, 24999
1776, 18998, 24999
1777, 18999, 23998
1778, 19999, 24998
1779, 18999, 23998
1780, 18999, 24999
1781, 18999, 23999
1782, 19999, 24998
1783, 19999, 24998
1784, 18999, 23999
1785, 19998, 23999
1786, 19998, 24999
1787, 22998, 59996
1788, 18999, 71996
1789, 29998, 42998
1790, 22999, 23998
1791, 19999, 24999
1792, 36998, 23999
1793, 19999, 23999
1794, 19998, 24999
1795, 18999, 23998
1796, 19999, 24998
1797, 18999, 24998
1798, 19999, 35998
1799, 19998, 52997
1800, 22999, 24998
1801, 26999, 43997
1802, 35998, 40997
1803, 26998, 67996
1804, 19999, 24999
1805, 19998, 24999
1806, 22998, 24999
1807, 18999, 23999
1808, 18998, 23999
1809, 19999, 24998
1810, 19999, 24998
1811, 21999, 43997
1812, 20999, 24998
1813, 19999, 23999
1814, 18999, 23999
1815, 19998, 24999
1816, 19999, 23998
1817, 18999, 23998
1818, 19999, 24998
1819, 19999, 24998
1820, 18999, 24999
1821, 18999, 24999
1822, 19998, 24999
1823, 19999, 23999
1824, 19999, 24998
1825, 18999, 23998
1826, 19999, 24998
1827, 19999, 23999
1828, 18999, 23999
1829, 19998, 24999
1830, 19999, 23998
1831, 18999, 23998
1832, 18999, 23998
1833, 19999, 24999
1834, 19999, 23999
1835, 18998, 24999
1836, 19999, 24998
1837, 30998, 36997
1838, 30998, 37998
1839, 29998, 36997
1840, 71995, 24998
1841, 20999, 24998
1842, 18999, 23998
1843, 19999, 24998
1844, 18999, 31998
1845, 19999, 24998
1846, 19999, 24998
1847, 19999, 23999
1848, 18999, 23999
1849, 18998, 23999
1850, 18999, 23998
1851, 19999, 24998
1852, 19999, 23998
1853, 19999, 24998
1854, 19999, 24999
1855, 19999, 24999
1856, 19998, 24999
1857, 19999, 24999
1858, 19999, 24998
1859, 18999, 24998
1860, 17999, 24998
1861, 19999, 24999
1862, 18999, 24999
1863, 19998, 24999
1864, 19999, 24998
1865, 19999, 24998
1866, 19999, 24998
1867, 19999, 24998
1868, 19999, 24999
1869, 19999, 23999
1870, 22998, 24999
1871, 17998, 23999
1872, 19999, 24998
1873, 19999, 24998
1874, 18999, 23998
1875, 18999, 23998
1876, 18999, 24999
1877, 19999, 24999
1878, 18998, 23999
1879, 19999, 24998
1880, 19999, 23998
1881, 18999, 24998
1882, 18999, 24999
1883, 19998, 24999
1884, 18999, 23999
1885, 19999, 24998
1886, 19999, 24998
1887, 19999, 24998
1888, 19999, 23999
1889, 21999, 37997
1890, 29998, 37998
1891, 29998, 37997
1892, 29998, 36998
1893, 30998, 36998
1894, 30998, 36998
1895, 29999, 37998
1896, 29998, 37998
1897, 29998, 36998
1898, 29998, 37998
1899, 27999, 36998
1900, 29998, 36997
1901, 29998, 37998
1902, 30998, 36997
1903, 29998, 36998
1904, 30999, 82995
1905, 27998, 37998
1906, 30999, 37998
1907, 29998, 37998
1908, 29999, 36998
1909, 28998, 37997
1910, 29999, 37998
1911, 29998, 37997
1912, 29999, 36998
1913, 29998, 37997
1914, 30998, 37998
1915, 30998, 37997
1916, 29998, 37998
1917, 29998, 36997
1918, 29998, 36998
1919, 29998, 36998
1920, 29998, 36998
1921, 29998, 37998
1922, 29998, 37998
1923, 30999, 37998
1924, 48997, 37997
1925, 29999, 36998
1926, 29998, 36997
1927, 29998, 37998
1928, 30998, 37997
1929, 27998, 37998
1930, 29998, 36998
1931, 29998, 37997
1932, 28998, 36998
1933, 29998, 37998
1934, 99994, 39998
1935, 30998, 37998
1936, 29999, 37998
1937, 29998, 36998
1938, 29999, 36998
1939, 29998, 37998
1940, 29998, 37998
1941, 29998, 37997
1942, 29998, 37998
1943, 29998, 114993
1944, 29998, 36998
1945, 29999, 37998
1946, 30998, 37998
1947, 27999, 36998
1948, 29998, 37997
1949, 28998, 37998
1950, 30998, 36998
1951, 29998, 36998
1952, 29999, 37998
1953, 29998, 37997
1954, 29998, 37998
1955, 30998, 36997
1956, 29998, 36998
1957, 29998, 37997
1958, 29998, 36998
1959, 29999, 53997
1960, 30998, 37998
1961, 30998, 37998
1962, 29998, 36998
1963, 33998, 37998
1964, 29998, 42997
1965, 29999, 37998
1966, 29998, 36997
1967, 32998, 36998
1968, 29998, 37998
1969, 29999, 58996
1970, 29998, 36998
1971, 29999, 37998
1972, 29998, 37998
1973, 29998, 36997
1974, 29998, 37998
1975, 29998, 37997
1976, 29998, 37998
1977, 30998, 35998
1978, 29998, 36998
1979, 33998, 36998
1980, 29998, 37998
1981, 29998, 98994
1982, 37998, 75996
1983, 30998, 41997
1984, 31998, 49997
1985, 29998, 37998
1986, 29998, 38997
1987, 30998, 36998
1988, 30999, 36998
1989, 37997, 43998
1990, 29998, 37998
1991, 29998, 37997
1992, 27998, 36998
1993, 29998, 36998
1994, 29998, 37998
1995, 29999, 36998
1996, 28998, 37997
1997, 29998, 36998
1998, 30998, 36998
1999, 29999, 98995
2000, 41998, 37998
2001, 30998, 36998
2002, 29999, 37998
2003, 30998, 37998
2004, 29999, 37998
2005, 29998, 36997
2006, 29998, 37998
2007, 30998, 36997
2008, 29998, 37998
2009, 29998, 36998
2010, 29998, 37998
2011, 30999, 37998
2012, 30998, 36998
2013, 29999, 36998
2014, 29998, 37998
2015, 29999, 37998
2016, 29998, 37998
2017, 28999, 37998
2018, 29998, 37997
2019, 29999, 37998
2020, 29998, 37998
2021, 29999, 37998
2022, 29998, 37998
2023, 29999, 37998
2024, 29998, 36997
2025, 29998, 37998
2026, 29998, 54996
2027, 29998, 37998
2028, 46997, 38998
2029, 29998, 37998
2030, 29998, 37998
2031, 29998, 37997
2032, 29998, 36998
2033, 29998, 37998
2034, 29998, 37997
2035, 30998, 37998
2036, 29998, 36997
2037, 29998, 37998
2038, 29999, 36998
2039, 29998, 37998
2040, 27999, 37998
2041, 30998, 36997
2042, 29998, 37998
2043, 30998, 36998
2044, 29998, 36998
2045, 29999, 37998
2046, 29998, 36997
2047, 29998, 36998
2048, 29998, 36997
2049, 29998, 37998
2050, 29998, 36998
2051, 29998, 36998
2052, 29999, 37998
2053, 29998, 36997
2054, 29998, 37998
2055, 29998, 37998
2056, 28998, 37998
2057, 30999, 36998
2058, 29998, 36997
2059, 29998, 36998
2060, 29998, 37998
2061, 29998, 37998
2062, 33998, 37997
2063, 30998, 36998
2064, 30998, 36998
2065, 30998, 37998
2066, 29998, 36997
2067, 29998, 36998
2068, 29998, 37998
2069, 29998, 36998
2070, 29999, 37998
2071, 29998, 37998
2072, 29999, 37998
2073, 28998, 37997
2074, 29999, 37998
2075, 30998, 36997
2076, 29998, 37998
2077, 29998, 37998
2078, 29998, 36998
2079, 29999, 37998
2080, 29998, 36998
2081, 29999, 36998
2082, 29998, 36997
2083, 29998, 37998
2084, 47997, 37997
2085, 30998, 36998
2086, 27998, 37997
2087, 29998, 36998
2088, 29998, 37998
2089, 28998, 37997
2090, 29999, 37998
2091, 30998, 36997
2092, 29998, 37998
2093, 30998, 37997
2094, 29998, 36998
2095, 29998, 36998
2096, 29998, 37998
2097, 33998, 37998
2098, 28998, 36998
2099, 29999, 37998
2100, 29998, 37998
2101, 30998, 36998
2102, 29998, 37997
2103, 29998, 36998
2104, 29998, 36997
2105, 29998, 36998
2106, 28998, 36998
2107, 29998, 37998
2108, 29999, 37998
2109, 29998, 37998
2110, 30999, 36998
2111, 29998, 37997
2112, 29998, 37998
2113, 29998, 37997
2114, 29998, 37998
2115, 29999, 37998
2116, 28998, 36997
2117, 29998, 37998
2118, 30998, 36997
2119, 29998, 37998
2120, 29998, 37998
2121, 29998, 37998
2122, 29999, 36998
2123, 29998, 37997
2124, 29999, 36998
2125, 27998, 37997
2126, 29998, 37998
2127, 29998, 37997
2128, 29998, 37998
2129, 29998, 37997
2130, 29998, 36998
2131, 29999, 37998
2132, 29998, 36998
2133, 31999, 36998
2134, 29998, 37997
2135, 29998, 36998
2136, 29998, 37997
2137, 29998, 36998
2138, 30998, 116993
2139, 30998, 37998
2140, 29999, 36998
2141, 29998, 37998
2142, 29999, 37998
2143, 29998, 37997
2144, 29999, 36998
2145, 29998, 61996
2146, 30998, 37997
2147, 29999, 155991
2148, 30998, 37998
2149, 28999, 38997
2150, 221987, 40998
2151, 29998, 36998
2152, 29998, 36998
2153, 29998, 37998
2154, 29998, 37997
2155, 30998, 57997
2156, 29998, 37998
2157, 29998, 36997
2158, 29998, 37998
2159, 29998, 36998
2160, 29998, 37998
2161, 29998, 37998
2162, 29998, 36998
2163, 29999, 36998
2164, 29998, 37997
2165, 30998, 37998
2166, 29998, 37997
2167, 29998, 49997
2168, 29998, 37998
2169, 31998, 37998
2170, 29999, 37998
2171, 29998, 36998
2172, 144992, 37998
2173, 30998, 36998
2174, 29999, 40997
2175, 29998, 37998
2176, 30998, 36997
2177, 29998, 37998
2178, 29998, 37998
2179, 29998, 36998
2180, 27999, 37998
2181, 29998, 37998
2182, 29999, 37998
2183, 29998, 37997
2184, 29998, 37998
2185, 30998, 37997
2186, 29998, 36998
2187, 29998, 37998
2188, 29998, 37998
2189, 29998, 36998
2190, 29998, 37998
2191, 29999, 36998
2192, 29998, 37998
2193, 29999, 36998
2194, 29998, 55996
2195, 27999, 37998
2196, 28998, 36997
2197, 29998, 36998
2198, 44998, 37998
2199, 28998, 36998
2200, 29999, 38998
2201, 29998, 36998
2202, 29999, 37998
2203, 29998, 37998
2204, 29998, 37998
2205, 29998, 36997
2206, 29998, 37998
2207, 29998, 36997
2208, 29998, 37998
2209, 29998, 36998
2210, 29998, 36998
2211, 29999, 36998
2212, 29998, 37998
2213, 30998, 37998
2214, 29998, 36998
2215, 29998, 35998
2216, 29998, 37998
2217, 29998, 36998
2218, 29999, 37998
2219, 29998, 37998
2220, 29998, 36998
2221, 29998, 37997
2222, 28998, 36998
2223, 28999, 36998
2224, 29998, 37998
2225, 28999, 36998
2226, 29998, 36998
2227, 84995, 37998
2228, 29998, 37997
2229, 29998, 37998
2230, 30998, 37997
2231, 29998, 37998
2232, 29998, 36997
2233, 29998, 36998
2234, 30998, 37997
2235, 30998, 39998
2236, 29998, 37998
2237, 29998, 37998
2238, 29999, 36998
2239, 29998, 37998
2240, 29999, 35998
2241, 30998, 37998
2242, 29999, 37998
2243, 29998, 37998
2244, 30999, 36998
2245, 29998, 37997
2246, 29998, 38997
2247, 29998, 37998
2248, 29998, 37997
2249, 29998, 36998
2250, 30998, 36998
2251, 29998, 37998
2252, 29999, 36998
2253, 29998, 47998
2254, 29998, 37998
2255, 30998, 37997
2256, 75996, 37997
2257, 29999, 37998
2258, 29998, 37998
2259, 29998, 37998
2260, 29998, 37997
2261, 29998, 37998
2262, 29998, 37997
2263, 27998, 36998
2264, 29999, 37998
2265, 35998, 37998
2266, 30998, 36997
2267, 27998, 37998
2268, 30998, 36998
2269, 29998, 37997
2270, 30998, 37998
2271, 30998, 36998
2272, 30999, 36998
2273, 29998, 37997
2274, 28998, 36998
2275, 29998, 37997
2276, 30998, 36998
2277, 29999, 37998
2278, 29998, 37998
2279, 29999, 37998
2280, 29998, 36997
2281, 29998, 37998
2282, 30998, 36997
2283, 28998, 37998
2284, 29999, 37998
2285, 29998, 37998
2286, 29998, 37997
2287, 30998, 37998
2288, 30998, 37997
2289, 30998, 36998
2290, 29998, 36998
2291, 29998, 37998
2292, 29999, 36998
2293, 30998, 37998
2294, 29999, 36998
2295, 29998, 37997
2296, 29998, 38998
2297, 28998, 37997
2298, 29998, 36998
2299, 29998, 37998
2300, 30998, 37998
2301, 27999, 37998
2302, 29998, 37997
2303, 30998, 37998
2304, 29998, 36997
2305, 28999, 36998
2306, 28998, 36997
2307, 29998, 37998
2308, 28998, 166990
2309, 29998, 36998
2310, 30999, 37998
2311, 29998, 37998
2312, 29999, 36998
2313, 29998, 36998
2314, 29999, 36998
2315, 29998, 37998
2316, 29999, 36998
2317, 30998, 36998
2318, 29999, 37998
2319, 30998, 37998
2320, 29999, 36998
2321, 30998, 37998
2322, 30999, 37998
2323, 36998, 37997
2324, 28998, 37998
2325, 29998, 36998
2326, 29998, 36998
2327, 30998, 88994
2328, 29999, 36998
2329, 34998, 37998
2330, 29998, 37998
2331, 29998, 39998
2332, 29998, 36997
2333, 29998, 36998
2334, 33998, 36997
2335, 29998, 36998
2336, 29998, 41997
2337, 29998, 37998
2338, 29998, 37997
2339, 34998, 37998
2340, 29998, 37998
2341, 46998, 57996
2342, 28998, 36998
2343, 29999, 37998
2344, 29998, 36998
2345, 29999, 37998
2346, 29998, 37998
2347, 30998, 37998
2348, 29999, 36998
2349, 29998, 36998
2350, 29999, 37998
2351, 29998, 36998
2352, 29998, 36997
2353, 29998, 41998
2354, 29998, 36997
2355, 29998, 36998
2356, 34998, 36998
2357, 30998, 36997
2358, 29998, 37998
2359, 29998, 37997
2360, 29998, 36998
2361, 29998, 37998
2362, 29998, 36998
2363, 29999, 36998
2364, 29998, 37998
2365, 28999, 37998
2366, 29998, 36997
2367, 29998, 36998
2368, 27998, 36998
2369, 29998, 37998
2370, 27999, 36998
2371, 29998, 37997
2372, 29998, 37998
2373, 109994, 37997
2374, 29998, 36998
2375, 29998, 40997
2376, 29999, 36998
2377, 29998, 37998
2378, 29999, 36998
2379, 29998, 36998
2380, 27999, 37998
2381, 29998, 36998
2382, 29998, 36998
2383, 29999, 37998
2384, 29998, 37998
2385, 29999, 36998
2386, 29998, 37997
2387, 29998, 37998
2388, 29998, 37997
2389, 29998, 36998
2390, 29998, 71995
2391, 30998, 36998
2392, 30998, 37997
2393, 29998, 37998
2394, 30998, 37997
2395, 29998, 37998
2396, 29998, 37997
2397, 29998, 36998
2398, 30998, 37997
2399, 29998, 37998
2400, 29998, 36998
2401, 30998, 37998
2402, 29998, 37997
2403, 29998, 37998
2404, 30998, 37997
2405, 30998, 37998
2406, 29998, 37998
2407, 29998, 37998
2408, 29999, 36998
2409, 29998, 36998
2410, 28999, 102994
2411, 35998, 37998
2412, 30998, 37998
2413, 29998, 37997
2414, 29998, 37998
2415, 29998, 37998
2416, 29998, 37998
2417, 29998, 37998
2418, 29998, 37998
2419, 29998, 36998
2420, 29998, 36998
2421, 29999, 37998
2422, 30998, 37998
2423, 29999, 37998
2424, 29998, 37998
2425, 29999, 36998
2426, 29998, 37998
2427, 30999, 37998
2428, 30998, 37998
2429, 75995, 36998
2430, 29998, 35998
2431, 29998, 37998
2432, 29998, 37997
2433, 29998, 36998
2434, 29998, 36997
2435, 29998, 37998
2436, 30998, 36998
2437, 29998, 37998
2438, 29999, 37998
2439, 29998, 36998
2440, 29999, 36998
2441, 30998, 36998
2442, 29998, 58997
2443, 29998, 37998
2444, 29998, 36998
2445, 75995, 37997
2446, 29998, 37998
2447, 29998, 37998
2448, 74996, 38997
2449, 49997, 37998
2450, 29998, 47997
2451, 27999, 37998
2452, 29998, 36997
2453, 29998, 37998
2454, 30998, 37997
2455, 30998, 36998
2456, 29998, 37998
2457, 30998, 36998
2458, 29999, 37998
2459, 30998, 37998
2460, 29999, 36998
2461, 30998, 36997
2462, 29998, 36998
2463, 30998, 36997
2464, 29998, 37998
2465, 30999, 36998
2466, 29998, 74996
2467, 30999, 37998
2468, 30998, 37997
2469, 29998, 37998
2470, 32998, 37998
2471, 29999, 37998
2472, 30998, 37998
2473, 30999, 36998
2474, 29998, 37997
2475, 29999, 37998
2476, 29998, 37998
2477, 30998, 37998
2478, 28998, 36998
2479, 29999, 37998
2480, 29998, 36997
2481, 29998, 37998
2482, 29998, 37997
2483, 26998, 36998
2484, 29999, 37998
2485, 29998, 36997
2486, 49997, 37998
2487, 29998, 37998
2488, 29999, 37998
2489, 27998, 36997
2490, 29998, 36998
2491, 29998, 36997
2492, 29998, 37998
2493, 29998, 37997
2494, 29998, 37998
2495, 28999, 37998
2496, 29998, 37997
2497, 30998, 36998
2498, 29998, 36997
2499, 29998, 37998
2500, 29998, 37997
2501, 30998, 36998
2502, 29998, 36997
2503, 29998, 37998
2504, 28999, 119993
2505, 30998, 37997
2506, 30999, 37998
2507, 29998, 37998
2508, 33998, 37998
2509, 28999, 36998
2510, 36998, 38997
2511, 30998, 37998
2512, 29998, 39998
2513, 29998, 36998
2514, 30999, 50997
2515, 29998, 36998
2516, 30998, 48997
2517, 28998, 37998
2518, 29998, 38998
2519, 30998, 36998
2520, 30998, 37997
2521, 37998, 37998
2522, 29999, 36998
2523, 63996, 37998
2524, 29998, 36997
2525, 29998, 37997
2526, 29998, 37998
2527, 29998, 37998
2528, 29999, 37998
2529, 29998, 36997
2530, 29999, 36998
2531, 30998, 36997
2532, 29998, 37998
2533, 27998, 36998
2534, 29999, 37998
2535, 29998, 103994
2536, 29998, 37998
2537, 29998, 37998
2538, 29998, 37997
2539, 30998, 37998
2540, 29998, 36998
2541, 29998, 36998
2542, 30998, 43998
2543, 28998, 36997
2544, 29998, 37998
2545, 30998, 38997
2546, 29998, 36998
2547, 29999, 36998
2548, 29998, 36998
2549, 30998, 37998
2550, 29998, 37997
2551, 40997, 37997
2552, 29998, 37998
2553, 29998, 37997
2554, 29998, 37998
2555, 29998, 36997
2556, 29998, 36998
2557, 29998, 36997
2558, 29998, 37998
2559, 29998, 37997
2560, 29998, 37998
2561, 29998, 37998
2562, 35998, 36997
2563, 29998, 36998
2564, 29998, 37997
2565, 27998, 36998
2566, 29999, 37998
2567, 30998, 36997
2568, 29998, 37998
2569, 29998, 37997
2570, 29998, 36998
2571, 27999, 37998
2572, 29998, 36998
2573, 29999, 37998
2574, 28998, 37997
2575, 29999, 37998
2576, 29998, 37997
2577, 29998, 37998
2578, 29998, 36997
2579, 29998, 37998
2580, 29998, 37997
2581, 32998, 36998
2582, 29998, 37998
2583, 29999, 36998
2584, 29998, 37997
2585, 29998, 36998
2586, 29998, 37997
2587, 29998, 36998
2588, 29998, 37998
2589, 29998, 37998
2590, 29999, 36998
2591, 29998, 37998
2592, 30999, 36998
2593, 29998, 36997
2594, 29998, 37998
2595, 29998, 37997
2596, 29998, 37998
2597, 29999, 37998
2598, 30998, 37998
2599, 29999, 36998
2600, 29998, 36997
2601, 29998, 41998
2602, 29998, 37998
2603, 29999, 36998
2604, 29998, 37997
2605, 29998, 37998
2606, 28998, 37998
2607, 28998, 36998
2608, 29999, 37998
2609, 30998, 37998
2610, 29999, 36998
2611, 29998, 37997
2612, 29999, 36998
2613, 29998, 36997
2614, 29998, 37998
2615, 29998, 36998
2616, 29998, 37998
2617, 47998, 37998
2618, 29998, 36998
2619, 29999, 37998
2620, 29998, 37997
2621, 28998, 54997
2622, 29998, 37998
2623, 29998, 37998
2624, 29999, 37998
2625, 30998, 37998
2626, 29999, 37998
2627, 29998, 37998
2628, 27999, 36998
2629, 29998, 36997
2630, 29998, 37998
2631, 29998, 37997
2632, 30998, 37998
2633, 29998, 36998
2634, 29998, 36998
2635, 30999, 40997
2636, 30998, 36998
2637, 29998, 37997
2638, 29998, 36998
2639, 29998, 36997
2640, 29998, 37998
2641, 30998, 36997
2642, 30998, 37998
2643, 30998, 36998
2644, 30998, 37998
2645, 29998, 37998
2646, 29998, 37997
2647, 29998, 36998
2648, 29998, 36997
2649, 29998, 36998
2650, 29998, 37998
2651, 29998, 36998
2652, 33998, 37997
2653, 30998, 37998
2654, 29998, 66996
2655, 29998, 36998
2656, 28998, 36998
2657, 29998, 36998
2658, 29999, 37998
2659, 30998, 36998
2660, 29998, 37998
2661, 29998, 37997
2662, 29998, 37998
2663, 30998, 36997
2664, 37997, 53997
2665, 29998, 36998
2666, 29998, 37998
2667, 29998, 36998
2668, 29999, 37998
2669, 29998, 36998
2670, 29999, 37998
2671, 29998, 37997
2672, 29999, 36998
2673, 29998, 37997
2674, 29999, 37998
2675, 29998, 37998
2676, 29999, 36998
2677, 29998, 37997
2678, 29999, 37998
2679, 29998, 37997
2680, 29998, 36998
2681, 29998, 37997
2682, 29998, 36998
2683, 29998, 37998
2684, 27998, 37998
2685, 29999, 37998
2686, 29998, 36997
2687, 28998, 87995
2688, 36997, 37997
2689, 29999, 36998
2690, 29998, 36997
2691, 29998, 36998
2692, 29998, 36997
2693, 29998, 37998
2694, 29998, 37998
2695, 29999, 37998
2696, 29998, 37998
2697, 28999, 37998
2698, 30998, 37998
2699, 29998, 37998
2700, 29998, 36998
2701, 29999, 36997
2702, 30998, 37998
2703, 30998, 36997
2704, 29999, 36998
2705, 28998, 37997
2706, 29998, 43997
2707, 30998, 37997
2708, 36997, 36997
2709, 29998, 36998
2710, 29998, 40997
2711, 29998, 36998
2712, 30998, 36998
2713, 91994, 38997
2714, 30998, 37998
2715, 29998, 160991
2716, 30998, 37998
2717, 36998, 37998
2718, 29998, 37998
2719, 29999, 40998
2720, 30998, 36998
2721, 29998, 36998
2722, 33998, 96994
2723, 29998, 37998
2724, 29998, 36998
2725, 29998, 36997
2726, 28998, 37998
2727, 29999, 36998
2728, 29998, 37997
2729, 29998, 36998
2730, 29998, 36998
2731, 29998, 37998
2732, 29999, 36998
2733, 29998, 37997
2734, 29998, 37998
2735, 28998, 37998
2736, 29998, 37998
2737, 29999, 37998
2738, 29998, 37998
2739, 29999, 37998
2740, 29998, 37997
2741, 29999, 36998
2742, 29998, 36997
2743, 27998, 37998
2744, 30999, 37998
2745, 29998, 37998
2746, 29998, 37997
2747, 29998, 37998
2748, 29998, 37998
2749, 29998, 36998
2750, 29999, 37998
2751, 29998, 36997
2752, 27998, 37998
2753, 29998, 37998
2754, 30998, 36998
2755, 29999, 37998
2756, 29998, 52997
2757, 28999, 36998
2758, 29998, 37997
2759, 29998, 37998
2760, 29998, 37998
2761, 29998, 37998
2762, 29999, 37998
2763, 30998, 36998
2764, 29999, 37998
2765, 29998, 37998
2766, 27999, 36998
2767, 29998, 37997
2768, 29998, 37998
2769, 29998, 36998
2770, 29998, 37998
2771, 29998, 37998
2772, 29998, 36998
2773, 29999, 37998
2774, 29998, 37997
2775, 29998, 36998
2776, 27998, 37998
2777, 29998, 37998
2778, 30999, 36998
2779, 29998, 37998
2780, 29999, 37998
2781, 28998, 37997
2782, 30998, 36998
2783, 29998, 37997
2784, 30998, 41998
2785, 30998, 37997
2786, 29998, 37998
2787, 28998, 37997
2788, 29998, 37998
2789, 29998, 36998
2790, 29998, 37998
2791, 29999, 36998
2792, 29998, 36998
2793, 29998, 37997
2794, 27998, 36998
2795, 29999, 37998
2796, 29998, 37998
2797, 30999, 36998
2798, 29998, 36997
2799, 29998, 82995
2800, 29998, 37998
2801, 29998, 37998
2802, 29999, 36998
2803, 29998, 36998
2804, 29999, 36998
2805, 29998, 36998
2806, 29999, 36998
2807, 29998, 36998
2808, 30999, 36998
2809, 30998, 37998
2810, 28999, 37998
2811, 28998, 37997
2812, 29999, 37998
2813, 29998, 48998
2814, 40997, 38998
2815, 30998, 36998
2816, 29998, 36998
2817, 29999, 37998
2818, 29998, 37998
2819, 29998, 36997
2820, 29998, 37998
2821, 30998, 37997
2822, 29998, 36998
2823, 29998, 37998
2824, 29998, 37998
2825, 29999, 36998
2826, 29998, 36998
2827, 29998, 37998
2828, 30998, 37997
2829, 29998, 36998
2830, 29998, 36997
2831, 29998, 37998
2832, 29998, 36998
2833, 30998, 36998
2834, 29999, 37998
2835, 30998, 37998
2836, 29999, 36998
2837, 29998, 37998
2838, 29999, 55997
2839, 28998, 37998
2840, 29999, 36998
2841, 29998, 37998
2842, 29999, 37998
2843, 29998, 36997
2844, 29998, 37998
2845, 28998, 36998
2846, 28998, 37998
2847, 29999, 37998
2848, 29998, 37998
2849, 29999, 36998
2850, 29998, 37997
2851, 29998, 36998
2852, 29998, 37997
2853, 29998, 37998
2854, 29998, 36998
2855, 29998, 36998
2856, 29998, 37998
2857, 29998, 36997
2858, 29998, 36998
2859, 28998, 37997
2860, 30998, 37997
2861, 29998, 36998
2862, 30998, 37997
2863, 29998, 37998
2864, 30998, 37998
2865, 28998, 37998
2866, 29999, 37998
2867, 29998, 37998
2868, 29999, 37998
2869, 29998, 37998
2870, 29999, 37998
2871, 29998, 37998
2872, 29998, 36998
2873, 29998, 37997
2874, 29998, 37998
2875, 30998, 37997
2876, 47997, 37998
2877, 30998, 37998
2878, 29998, 37998
2879, 97994, 38998
2880, 29998, 71996
2881, 37998, 44997
2882, 30998, 37998
2883, 29998, 37997
2884, 29998, 37998
2885, 29998, 36997
2886, 30998, 36998
2887, 29998, 90995
2888, 30998, 36998
2889, 27998, 37997
2890, 30998, 36998
2891, 29999, 37997
2892, 29998, 37998
2893, 29998, 67996
2894, 30998, 37997
2895, 29998, 37998
2896, 50997, 67996
2897, 30998, 37998
2898, 29998, 36997
2899, 29998, 37998
2900, 28998, 37997
2901, 28998, 36998
2902, 29998, 37998
2903, 28998, 36998
2904, 30998, 37998
2905, 29998, 197988
2906, 29998, 37998
2907, 29998, 37997
2908, 29998, 37998
2909, 29998, 37997
2910, 30998, 36998
2911, 29998, 42997
2912, 29999, 37998
2913, 27998, 36997
2914, 29998, 36998
2915, 29998, 37998
2916, 29998, 37998
2917, 29999, 36998
2918, 29998, 36998
2919, 29999, 37998
2920, 39998, 37998
2921, 29998, 37997
2922, 29998, 37998
2923, 29998, 37998
2924, 30998, 36998
2925, 29999, 37998
2926, 29998, 36998
2927, 29998, 37998
2928, 30998, 37997
2929, 29998, 37998
2930, 29998, 56996
2931, 29998, 36998
2932, 29998, 37997
2933, 29998, 36998
2934, 29998, 37998
2935, 30998, 37998
2936, 30998, 37998
2937, 29998, 36998
2938, 29999, 37998
2939, 29998, 49997
2940, 29998, 37997
2941, 30998, 37998
2942, 29998, 37997
2943, 29998, 36998
2944, 29998, 37997
2945, 29998, 37998
2946, 29999, 36998
2947, 29998, 37998
2948, 30998, 37998
2949, 30998, 37998
2950, 30999, 37998
2951, 30998, 37998
2952, 29999, 37998
2953, 29998, 37998
2954, 29999, 36998
2955, 29998, 37998
2956, 29999, 37998
2957, 29998, 36998
2958, 29999, 37998
2959, 51997, 37998
2960, 163990, 36998
2961, 29998, 38998
2962, 29998, 37998
2963, 29999, 37998
2964, 29998, 37998
2965, 29999, 37998
2966, 29998, 37998
2967, 29999, 37998
2968, 29998, 37998
2969, 29999, 37998
2970, 29998, 37997
2971, 29999, 37998
2972, 29998, 36997
2973, 29998, 37998
2974, 30998, 37997
2975, 29998, 37998
2976, 29998, 37997
2977, 29998, 59997
2978, 28998, 36998
2979, 29998, 37997
2980, 29998, 36998
2981, 29998, 37998
2982, 29998, 37998
2983, 30998, 37998
2984, 29998, 37998
2985, 29999, 37998
2986, 29998, 37998
2987, 29999, 36998
2988, 29998, 37998
2989, 30998, 37998
2990, 30998, 37997
2991, 29998, 36998
2992, 29998, 37997
2993, 30998, 36998
2994, 29998, 36997
2995, 29998, 37998
2996, 29998, 36998
2997, 29998, 59997
2998, 27998, 37997
2999, 30998, 36998
3000, 29998, 37997
3001, 30998, 37998
3002, 30998, 36997
3003, 29998, 37998
3004, 29998, 37997
3005, 30998, 36998
3006, 29999, 36998
3007, 29998, 37998
3008, 29999, 36998
3009, 29998, 37997
3010, 26998, 37998
3011, 29998, 37998
3012, 29998, 37998
3013, 29999, 37998
3014, 29998, 37998
3015, 29999, 37998
3016, 29998, 36998
3017, 27999, 37998
3018, 29998, 37998
3019, 29999, 36998
3020, 27998, 37997
3021, 29998, 36998
3022, 29999, 37998
3023, 30998, 37998
3024, 29999, 36998
3025, 29998, 37997
3026, 29999, 37998
3027, 29998, 36997
3028, 28998, 37998
3029, 29999, 37998
3030, 30998, 36998
3031, 29999, 37998
3032, 30998, 36997
3033, 29998, 36998
3034, 29998, 36998
3035, 29998, 36998
3036, 29999, 36998
3037, 30998, 37998
3038, 27999, 36998
3039, 29998, 37997
3040, 30998, 36998
3041, 29998, 37997
3042, 29998, 36998
3043, 29998, 36997
3044, 45997, 36998
3045, 36997, 37998
3046, 29998, 37998
3047, 27999, 36998
3048, 29998, 37998
3049, 28998, 37998
3050, 29998, 52997
3051, 29998, 37998
3052, 29999, 37998
3053, 31998, 37997
3054, 29998, 37998
3055, 29998, 36998
3056, 95994, 68995
3057, 43998, 38998
3058, 29998, 35998
3059, 29999, 37998
3060, 29998, 37997
3061, 46997, 68996
3062, 30999, 37998
3063, 29998, 48997
3064, 29998, 36998
3065, 29998, 37998
3066, 30998, 37998
3067, 29998, 37997
3068, 35998, 37998
3069, 29998, 37997
3070, 32998, 37998
3071, 29998, 37998
3072, 29999, 47997
3073, 30998, 37997
3074, 30998, 50997
3075, 30998, 37997
3076, 29999, 50997
3077, 30998, 37998
3078, 29999, 51997
3079, 29998, 37997
3080, 81995, 36998
3081, 29998, 36998
3082, 29999, 37998
3083, 29998, 37998
3084, 29998, 37998
3085, 28998, 37998
3086, 40998, 38998
3087, 29998, 36998
3088, 29998, 36998
3089, 30998, 36997
3090, 29998, 37998
3091, 29998, 37997
3092, 29998, 37998
3093, 29998, 36998
3094, 29998, 37998
3095, 29998, 36998
3096, 29998, 37998
3097, 29999, 37998
3098, 29998, 37998
3099, 29999, 37997
3100, 29998, 36998
3101, 29998, 36998
3102, 29998, 37998
3103, 33998, 37997
3104, 29998, 36998
3105, 30998, 36998
3106, 29998, 37998
3107, 30998, 36998
3108, 29998, 36997
3109, 30998, 37998
3110, 29998, 37997
3111, 29998, 36998
3112, 29999, 36998
3113, 29998, 36998
3114, 29999, 120993
3115, 30998, 37998
3116, 29998, 37998
3117, 29998, 36998
3118, 29998, 36998
3119, 29998, 37998
3120, 29998, 46997
3121, 34998, 48997
3122, 29998, 37998
3123, 29999, 37998
3124, 27998, 37998
3125, 30998, 36998
3126, 30998, 36997
3127, 30998, 37998
3128, 29998, 37997
3129, 29998, 36998
3130, 30998, 36997
3131, 30998, 36998
3132, 30998, 36997
3133, 29998, 61997
3134, 29999, 37998
3135, 27998, 36997
3136, 29998, 37998
3137, 29998, 36997
3138, 30998, 36998
3139, 29998, 36998
3140, 29998, 37998
3141, 28999, 36998
3142, 29998, 80995
3143, 32998, 38998
3144, 29998, 37997
3145, 29999, 37998
3146, 29998, 37997
3147, 29999, 36998
3148, 30998, 37998
3149, 29999, 37998
3150, 29998, 36998
3151, 29999, 37998
3152, 29998, 65996
3153, 29998, 36998
3154, 30998, 37998
3155, 29998, 37998
3156, 29999, 36998
3157, 29998, 37998
3158, 29998, 37998
3159, 29998, 37997
3160, 29998, 36998
3161, 29998, 37998
3162, 29998, 37998
3163, 29999, 37998
3164, 29998, 37998
3165, 29999, 36998
3166, 29998, 37997
3167, 30998, 37998
3168, 29998, 36997
3169, 29998, 37998
3170, 29999, 36998
3171, 29998, 37998
3172, 29999, 36997
3173, 29998, 37998
3174, 29998, 36998
3175, 29998, 37998
3176, 29999, 37998
3177, 30998, 36998
3178, 29999, 36998
3179, 29998, 37998
3180, 30999, 37998
3181, 29998, 36998
3182, 29999, 37998
3183, 29998, 36997
3184, 27998, 37998
3185, 30998, 37997
3186, 29998, 36998
3187, 28999, 37998
3188, 29998, 37998
3189, 28999, 37998
3190, 29998, 37997
3191, 28998, 36998
3192, 32998, 37997
3193, 29998, 37998
3194, 29998, 36998
3195, 29998, 37998
3196, 29999, 37998
3197, 29998, 37998
3198, 29999, 37998
3199, 29998, 37998
3200, 29999, 36998
3201, 29998, 37997
3202, 29998, 37998
3203, 30998, 38997
3204, 29999, 36998
3205, 29998, 37997
3206, 29998, 37998
3207, 29998, 37997
3208, 27998, 36998
3209, 29998, 36998
3210, 29998, 37998
3211, 28999, 36998
3212, 29998, 37997
3213, 29998, 37998
3214, 30998, 36997
3215, 28998, 36998
3216, 29999, 37998
3217, 29998, 37998
3218, 29999, 37998
3219, 30998, 36998
3220, 29999, 37998
3221, 29998, 37997
3222, 29998, 37998
3223, 29998, 36998
3224, 29999, 37998
3225, 29998, 36997
3226, 28998, 36998
3227, 29998, 37998
3228, 29998, 37998
3229, 29999, 36998
3230, 29998, 37997
3231, 29998, 36998
3232, 29998, 37997
3233, 27998, 36998
3234, 30999, 36998
3235, 29998, 36998
3236, 29999, 37998
3237, 29998, 37998
3238, 29999, 129992
3239, 30998, 36997
3240, 29998, 36998
3241, 29998, 97994
3242, 29998, 36998
3243, 32998, 58996
3244, 29999, 37998
3245, 29998, 37998
3246, 39997, 36997
3247, 29999, 37998
3248, 29998, 37997
3249, 29998, 37998
3250, 30998, 37997
3251, 30998, 36998
3252, 29998, 37997
3253, 30998, 36998
3254, 27999, 36998
3255, 29998, 37998
3256, 30998, 37998
3257, 29998, 37998
3258, 29999, 37998
3259, 27998, 37998
3260, 29999, 37998
3261, 29998, 37997
3262, 29998, 37998
3263, 29998, 36997
3264, 29998, 37998
3265, 30998, 36998
3266, 29998, 37998
3267, 29999, 37998
3268, 29998, 37998
3269, 29999, 37998
3270, 29998, 37997
3271, 112993, 37998
3272, 29998, 37997
3273, 29998, 37998
3274, 30998, 37997
3275, 29999, 37998
3276, 29998, 37997
3277, 29999, 36998
3278, 31998, 37998
3279, 29999, 37998
3280, 29998, 37998
3281, 29999, 37998
3282, 29998, 36998
3283, 30999, 37998
3284, 29998, 37997
3285, 31999, 38997
3286, 30999, 37998
3287, 29998, 37998
3288, 30998, 36998
3289, 30998, 37997
3290, 52996, 38998
3291, 29999, 37998
3292, 29998, 36998
3293, 29999, 36998
3294, 29998, 37997
3295, 30998, 37998
3296, 29998, 36998
3297, 29998, 37998
3298, 29999, 36998
3299, 29998, 37998
3300, 29999, 36998
3301, 29998, 37997
3302, 29999, 36998
3303, 29998, 36997
3304, 29998, 36998
3305, 29998, 36997
3306, 29998, 37998
3307, 29998, 37997
3308, 29998, 36998
3309, 29998, 37998
3310, 29998, 36998
3311, 29998, 37997
3312, 29998, 37998
3313, 29998, 35998
3314, 29998, 37998
3315, 29998, 36997
3316, 29998, 37998
3317, 29998, 37997
3318, 30998, 37998
3319, 29998, 37998
3320, 29998, 37998
3321, 29999, 36998
3322, 29998, 36998
3323, 29999, 37998
3324, 30998, 37998
3325, 29999, 37998
3326, 29998, 37997
3327, 29998, 36998
3328, 28998, 37998
3329, 29998, 37998
3330, 32998, 36998
3331, 29998, 37998
3332, 27999, 36998
3333, 29998, 37997
3334, 29998, 37998
3335, 29998, 37997
3336, 29998, 37998
3337, 29998, 37997
3338, 29998, 37998
3339, 30998, 37997
3340, 29998, 37998
3341, 28999, 37998
3342, 29998, 37998
3343, 29999, 37998
3344, 30998, 37998
3345, 30999, 37998
3346, 29998, 36997
3347, 29998, 37998
3348, 29998, 37997
3349, 32998, 77995
3350, 29999, 37998
3351, 29998, 37998
3352, 30998, 37998
3353, 30998, 36997
3354, 28998, 37998
3355, 29998, 37997
3356, 27998, 37998
3357, 29999, 37998
3358, 29998, 36998
3359, 29999, 36998
3360, 29998, 37997
3361, 28998, 36998
3362, 29998, 36998
3363, 29998, 37998
3364, 28999, 37998
3365, 29998, 36998
3366, 27999, 37998
3367, 29998, 37997
3368, 30998, 37998
3369, 30999, 36998
3370, 30998, 37998
3371, 30998, 37998
3372, 29998, 36998
3373, 29999, 37998
3374, 35998, 104993
3375, 30998, 37998
3376, 30998, 37998
3377, 29999, 37998
3378, 30998, 36998
3379, 29999, 37998
3380, 29998, 37998
3381, 29999, 36998
3382, 29998, 36998
3383, 29999, 37998
3384, 30998, 37998
3385, 29999, 37998
3386, 29998, 36998
3387, 28999, 37998
3388, 29998, 36998
3389, 29998, 36998
3390, 29998, 37998
3391, 29999, 36998
3392, 29998, 129992
3393, 30998, 37998
3394, 28998, 37997
3395, 29998, 36998
3396, 29998, 37997
3397, 29998, 36998
3398, 29998, 37998
3399, 29998, 37998
3400, 28999, 36998
3401, 29998, 37998
3402, 29999, 37998
3403, 29998, 36998
3404, 29999, 37998
3405, 29998, 35998
3406, 28998, 37998
3407, 28999, 37998
3408, 28998, 36998
3409, 30998, 36998
3410, 30999, 36998
3411, 29998, 47997
3412, 29998, 37998
3413, 29998, 37998
3414, 30999, 36998
3415, 29998, 37998
3416, 29999, 37998
3417, 29998, 36998
3418, 38998, 26998
3419, 19999, 23999
3420, 19999, 23999
3421, 19999, 24999
3422, 19999, 23998
3423, 19999, 24998
3424, 17999, 44997
3425, 23999, 32998
3426, 23999, 28999
3427, 19999, 24999
3428, 19998, 23999
3429, 36998, 25998
3430, 19999, 23998
3431, 18999, 29998
3432, 18998, 23999
3433, 19999, 89995
3434, 20999, 23999
3435, 18999, 117993
3436, 19998, 23999
3437, 18999, 58997
3438, 19998, 24999
3439, 19999, 24999
3440, 19999, 43997
3441, 19999, 28998
3442, 18999, 24999
3443, 22999, 24998
3444, 19999, 23999
3445, 19999, 24999
3446, 19998, 31998
3447, 15000, 18999
3448, 14999, 18999
3449, 15999, 18999
3450, 14999, 19999
3451, 15999, 17999
3452, 14999, 18999
3453, 14000, 18999
3454, 14999, 24998
3455, 14999, 17999
3456, 14999, 18999
3457, 14999, 18999
3458, 15000, 24998
3459, 14999, 18998
3460, 15999, 18999
3461, 14999, 18999
3462, 47997, 23998
3463, 32998, 18999
3464, 13999, 18998
3465, 14999, 17999
3466, 21999, 24998
3467, 14999, 17999
3468, 14999, 18999
3469, 14999, 18999
3470, 14999, 18999
3471, 15999, 18999
3472, 16000, 18999
3473, 14999, 17999
3474, 15999, 18999
3475, 14999, 18999
3476, 14999, 18998
3477, 14999, 18999
3478, 14999, 18999
3479, 14999, 18999
3480, 14999, 18998
3481, 15999, 18999
3482, 15999, 18999
3483, 15999, 18999
3484, 14999, 18998
3485, 15000, 17999
3486, 14999, 18999
3487, 15999, 18999
3488, 14999, 18998
3489, 15999, 18999
3490, 14999, 18999
3491, 13999, 17999
3492, 15000, 30998
3493, 11999, 14999
3494, 11999, 18999
3495, 49997, 37998
3496, 29998, 36998
3497, 29998, 37998
3498, 28999, 36998
3499, 29998, 36997
3500, 29998, 37998
3501, 50997, 37998
3502, 29999, 37998
3503, 29998, 37998
3504, 29999, 37998
3505, 29998, 36997
3506, 30998, 37997
3507, 27998, 37998
3508, 29998, 37998
3509, 29998, 37998
3510, 29998, 37998
3511, 30998, 37998
3512, 29999, 37998
3513, 29998, 36998
3514, 29999, 37998
3515, 29998, 37998
3516, 29999, 37998
3517, 30998, 37998
3518, 30998, 37998
3519, 29998, 36997
3520, 31998, 37998
3521, 29998, 36998
3522, 29998, 37997
3523, 29998, 37998
3524, 29998, 36998
3525, 29998, 37998
3526, 29999, 37998
3527, 80995, 37998
3528, 29998, 36997
3529, 29998, 36998
3530, 29998, 36997
3531, 29998, 37998
3532, 27999, 37998
3533, 29998, 37998
3534, 29999, 36998
3535, 30998, 37998
3536, 30998, 37998
3537, 29998, 37997
3538, 30998, 37998
3539, 27998, 37998
3540, 29998, 37998
3541, 29998, 37998
3542, 29998, 37998
3543, 29998, 37998
3544, 29998, 37998
3545, 29998, 37998
3546, 30998, 58997
3547, 30998, 36998
3548, 29998, 37998
3549, 29998, 37998
3550, 29999, 37998
3551, 29998, 37998
3552, 29999, 37998
3553, 29998, 37998
3554, 30998, 37998
3555, 30998, 40997
3556, 27999, 36998
3557, 29998, 36998
3558, 29998, 37998
3559, 29998, 37997
3560, 30998, 36998
3561, 29998, 76996
3562, 30998, 37997
3563, 30998, 37998
3564, 29998, 37997
3565, 29998, 37998
3566, 35998, 36998
3567, 30998, 37997
3568, 30998, 37998
3569, 29998, 37997
3570, 29998, 37998
3571, 29998, 37997
3572, 29998, 36998
3573, 29998, 37998
3574, 29998, 37998
3575, 29999, 37998
3576, 30998, 37998
3577, 29999, 37998
3578, 29998, 37997
3579, 29999, 37998
3580, 29998, 37997
3581, 29998, 36998
3582, 29998, 37997
3583, 29998, 37998
3584, 29998, 37997
3585, 29998, 40998
3586, 29998, 36997
3587, 29998, 37998
3588, 29998, 36998
3589, 29998, 37998
3590, 29999, 39998
3591, 29998, 37998
3592, 29999, 37998
3593, 30998, 37998
3594, 29999, 37998
3595, 29998, 37997
3596, 29998, 36998
3597, 29998, 37997
3598, 29998, 36998
3599, 29998, 37998
3600, 29998, 37998
3601, 30999, 36998
3602, 29998, 37998
3603, 29999, 37998
3604, 30998, 37998
3605, 30999, 39998
3606, 30998, 37998
3607, 29999, 36998
3608, 29998, 37998
3609, 29999, 37998
3610, 29998, 36998
3611, 30998, 37998
3612, 29998, 36997
3613, 29998, 37998
3614, 29998, 37997
3615, 29998, 37998
3616, 30998, 90994
3617, 29999, 36998
3618, 29998, 36997
3619, 29998, 36998
3620, 29998, 37998
3621, 28998, 36998
3622, 29999, 37998
3623, 29998, 37997
3624, 30998, 37998
3625, 30998, 37997
3626, 48997, 36998
3627, 29998, 37997
3628, 29998, 37998
3629, 29998, 35998
3630, 29998, 37998
3631, 29999, 37998
3632, 27998, 37997
3633, 29998, 36998
3634, 29998, 37998
3635, 29998, 37998
3636, 29998, 37997
3637, 29998, 37998
3638, 66996, 37998
3639, 29998, 37998
3640, 29998, 37998
3641, 29998, 37998
3642, 29998, 37998
3643, 91995, 85995
3644, 30998, 37998
3645, 54996, 36998
3646, 29998, 36998
3647, 30998, 37997
3648, 29998, 37998
3649, 29998, 37998
3650, 30999, 36998
3651, 29998, 37997
3652, 29999, 36998
3653, 30998, 36998
3654, 29999, 38997
3655, 30998, 37998
3656, 33998, 37998
3657, 30998, 37997
3658, 29998, 36998
3659, 34998, 38998
3660, 29998, 36998
3661, 30998, 98994
3662, 30998, 37998
3663, 29998, 36998
3664, 29998, 37998
3665, 30999, 36998
3666, 29998, 36997
3667, 29998, 37998
3668, 28998, 37997
3669, 66996, 38997
3670, 30999, 37998
3671, 29998, 37998
3672, 29999, 37998
3673, 29998, 37997
3674, 29998, 37998
3675, 29998, 37997
3676, 30998, 37998
3677, 29998, 37997
3678, 29998, 37998
3679, 29998, 37998
3680, 30998, 37998
3681, 30998, 37998
3682, 29998, 37998
3683, 29998, 37998
3684, 30998, 36998
3685, 29999, 37998
3686, 29998, 36998
3687, 29999, 37998
3688, 29998, 37998
3689, 29999, 37998
3690, 29998, 37998
3691, 30998, 36998
3692, 29998, 36997
3693, 30998, 36998
3694, 29998, 38997
3695, 30998, 36998
3696, 29998, 36997
3697, 29998, 37998
3698, 29998, 36998
3699, 30998, 36998
3700, 29999, 39998
3701, 28998, 37997
3702, 29999, 36998
3703, 27998, 37997
3704, 30998, 37998
3705, 29998, 37997
3706, 30998, 36998
3707, 29998, 37998
3708, 29998, 36998
3709, 29999, 36998
3710, 29998, 37998
3711, 29999, 37998
3712, 29998, 37997
3713, 29999, 36998
3714, 30998, 37997
3715, 30998, 37998
3716, 29998, 37997
3717, 29998, 37998
3718, 28999, 37998
3719, 92994, 75996
3720, 30998, 37997
3721, 30998, 36997
3722, 29998, 36998
3723, 29998, 51997
3724, 30998, 37997
3725, 29998, 37998
3726, 29998, 37997
3727, 30998, 36998
3728, 29998, 36998
3729, 32998, 36998
3730, 29998, 36997
3731, 29998, 37998
3732, 30998, 36998
3733, 30998, 36998
3734, 30998, 37998
3735, 30998, 37998
3736, 30998, 37998
3737, 29998, 37998
3738, 29998, 37998
3739, 29998, 37997
3740, 29998, 37998
3741, 29998, 36997
3742, 29998, 37998
3743, 29998, 37998
3744, 29998, 37998
3745, 29999, 37998
3746, 30998, 36998
3747, 29999, 37998
3748, 29998, 36998
3749, 29999, 37998
3750, 30998, 36997
3751, 29998, 37998
3752, 29998, 36998
3753, 29998, 36998
3754, 29999, 37998
3755, 28998, 36997
3756, 29998, 37998
3757, 29999, 40997
3758, 29998, 36998
3759, 29999, 37998
3760, 29998, 37998
3761, 29999, 36998
3762, 29998, 37997
3763, 30998, 36998
3764, 29998, 37997
3765, 29999, 37998
3766, 29998, 37997
3767, 30998, 36998
3768, 29998, 37997
3769, 30998, 36998
3770, 29998, 37997
3771, 29998, 37998
3772, 29998, 37998
3773, 30998, 36998
3774, 29999, 37998
3775, 29998, 37998
3776, 30999, 36998
3777, 29998, 156990
3778, 34998, 91995
3779, 65997, 37998
3780, 29998, 37997
3781, 29998, 36998
3782, 29999, 36998
3783, 29998, 37998
3784, 30999, 37998
3785, 30998, 36998
3786, 29998, 37998
3787, 30998, 36997
3788, 29998, 37998
3789, 29998, 36997
3790, 29998, 37998
3791, 29998, 37997
3792, 29998, 36998
3793, 29998, 37997
3794, 30998, 37998
3795, 28999, 37998
3796, 29998, 37998
3797, 29998, 36998
3798, 29998, 37998
3799, 29999, 40998
3800, 29998, 36998
3801, 29999, 36998
3802, 29998, 37998
3803, 29999, 37998
3804, 29998, 36997
3805, 48997, 37998
3806, 30998, 37998
3807, 29998, 37998
3808, 29998, 37997
3809, 29998, 37998
3810, 30998, 37997
3811, 30998, 36998
3812, 30998, 36998
3813, 29998, 37998
3814, 29998, 36998
3815, 29998, 37998
3816, 29999, 37998
3817, 30998, 37998
3818, 29999, 37998
3819, 29998, 38998
3820, 37997, 37997
3821, 30998, 37998
3822, 29998, 37997
3823, 29998, 61996
3824, 29998, 36998
3825, 29998, 37998
3826, 29998, 37997
3827, 29998, 37998
3828, 30998, 36998
3829, 30999, 36998
3830, 29998, 37997
3831, 29999, 37998
3832, 29998, 37998
3833, 30998, 40998
3834, 46997, 36998
3835, 29999, 37997
3836, 29998, 37998
3837, 27998, 37997
3838, 30998, 37998
3839, 29998, 45997
3840, 29998, 37997
3841, 29998, 36998
3842, 29998, 36998
3843, 30999, 37998
3844, 29998, 37998
3845, 30998, 36997
3846, 27998, 36998
3847, 29998, 36997
3848, 29998, 36998
3849, 29998, 37997
3850, 29998, 37998
3851, 29998, 37997
3852, 29999, 194988
3853, 31998, 37998
3854, 29998, 36998
3855, 29998, 37998
3856, 29999, 36998
3857, 29998, 37998
3858, 29999, 37998
3859, 29998, 36998
3860, 29999, 37998
3861, 29998, 36997
3862, 29998, 36998
3863, 29999, 36998
3864, 29998, 36998
3865, 29999, 36998
3866, 29998, 37997
3867, 29998, 36998
3868, 29998, 37998
3869, 27998, 36998
3870, 29999, 37998
3871, 27998, 36997
3872, 29999, 37998
3873, 29998, 37997
3874, 30998, 37998
3875, 30998, 37997
3876, 29998, 36998
3877, 29998, 37997
3878, 28998, 37998
3879, 29998, 36998
3880, 29998, 37998
3881, 29999, 36998
3882, 29998, 54996
3883, 29998, 37998
3884, 29998, 36997
3885, 29998, 623963
3886, 30998, 36998
3887, 29998, 37998
3888, 28998, 36998
3889, 29999, 69996
3890, 29998, 36998
3891, 29999, 36998
3892, 30998, 36997
3893, 29998, 37998
3894, 29998, 37997
3895, 29998, 36998
3896, 29998, 37997
3897, 29998, 37998
3898, 29998, 36997
3899, 29998, 37998
3900, 29998, 37998
3901, 29998, 37998
3902, 29998, 37998
3903, 27998, 37998
3904, 29998, 58996
3905, 29998, 37997
3906, 29998, 37998
3907, 29998, 36998
3908, 27998, 37998
3909, 29999, 37998
3910, 29998, 36997
3911, 29998, 36998
3912, 29998, 37997
3913, 29998, 37998
3914, 29999, 37998
3915, 28998, 36997
3916, 29998, 36998
3917, 29998, 36997
3918, 29998, 36998
3919, 29998, 37997
3920, 29998, 37998
3921, 29998, 36998
3922, 29998, 37997
3923, 29998, 36998
3924, 27998, 143991
3925, 30998, 62996
3926, 30998, 37998
3927, 29998, 37997
3928, 29999, 36998
3929, 29998, 37998
3930, 29999, 37998
3931, 29998, 38997
3932, 29998, 37998
3933, 29998, 37997
3934, 29998, 37998
3935, 29998, 36997
3936, 30998, 37998
3937, 30998, 37997
3938, 30998, 56997
3939, 29998, 37998
3940, 30999, 37998
3941, 30998, 37998
3942, 29999, 38998
3943, 51997, 50997
3944, 29998, 37998
3945, 29999, 36998
3946, 29998, 36998
3947, 29999, 36998
3948, 29998, 37997
3949, 29998, 37998
3950, 29998, 37997
3951, 29998, 37998
3952, 29998, 37997
3953, 29998, 36998
3954, 29998, 37997
3955, 29998, 37998
3956, 30998, 36998
3957, 29998, 36998
3958, 29999, 37998
3959, 29998, 36998
3960, 29999, 37998
3961, 30998, 36998
3962, 30999, 39997
3963, 38997, 69996
3964, 30998, 37998
3965, 29998, 37997
3966, 30998, 37998
3967, 29998, 37997
3968, 29998, 36998
3969, 29998, 36997
3970, 29998, 37998
3971, 30998, 37997
3972, 29998, 36998
3973, 33998, 36998
3974, 29999, 36998
3975, 29998, 37997
3976, 29999, 36998
3977, 30998, 37998
3978, 27999, 37998
3979, 29998, 36997
3980, 30998, 36998
3981, 29998, 36997
3982, 58996, 37998
3983, 29998, 37998
3984, 29999, 37998
3985, 29998, 37997
3986, 29998, 37998
3987, 30998, 37997
3988, 30998, 36998
3989, 29998, 36997
3990, 29998, 37998
3991, 29998, 37997
3992, 27998, 36998
3993, 29999, 36998
3994, 29998, 36997
3995, 29998, 37998
3996, 30998, 37998
3997, 29998, 37998
3998, 50997, 145992
3999, 29998, 36998
4000, 29998, 56996
4001, 29998, 37998
4002, 29998, 37997
4003, 29998, 37998
4004, 29998, 37997
4005, 29998, 37998
4006, 29998, 37997
4007, 33998, 37998
4008, 29998, 37997
4009, 29998, 37998
4010, 30998, 37998
4011, 29998, 37998
4012, 29998, 37998
4013, 29998, 37998
4014, 29999, 36998
4015, 29998, 36998
4016, 29999, 37998
4017, 29998, 37998
4018, 29999, 36998
4019, 29998, 37997
4020, 29998, 36998
4021, 29998, 36998
4022, 30999, 37998
4023, 30998, 37998
4024, 29998, 37998
4025, 28998, 36997
4026, 29998, 37998
4027, 29998, 36998
4028, 30998, 37998
4029, 29999, 36998
4030, 29998, 120993
4031, 30998, 37998
4032, 30999, 37998
4033, 28998, 37998
4034, 29999, 36998
4035, 30998, 37998
4036, 29999, 37998
4037, 36998, 60996
4038, 29998, 36997
4039, 29998, 37998
4040, 30998, 37997
4041, 29998, 37998
4042, 29998, 55997
4043, 29998, 37998
4044, 29998, 36998
4045, 29998, 37998
4046, 29998, 37997
4047, 29998, 36998
4048, 29998, 36998
4049, 35998, 37997
4050, 29998, 37998
4051, 27998, 37998
4052, 30998, 37998
4053, 30998, 36998
4054, 29998, 37998
4055, 30999, 36998
4056, 30998, 37998
4057, 29999, 36998
4058, 29998, 37997
4059, 30998, 37998
4060, 29998, 37998
4061, 29998, 37998
4062, 29999, 36998
4063, 29998, 37998
4064, 29999, 37998
4065, 30998, 37997
4066, 29998, 36998
4067, 27998, 36998
4068, 29998, 37998
4069, 29998, 36998
4070, 29998, 37998
4071, 30999, 36998
4072, 29998, 37997
4073, 29998, 36998
4074, 29998, 37997
4075, 29998, 36998
4076, 29998, 37997
4077, 29998, 36998
4078, 29998, 37998
4079, 29998, 36998
4080, 29999, 37998
4081, 29998, 37997
4082, 29998, 37998
4083, 29998, 36997
4084, 29998, 44997
4085, 29998, 64996
4086, 30998, 37998
4087, 28999, 36998
4088, 29998, 37998
4089, 29999, 37998
4090, 28998, 36997
4091, 29998, 37998
4092, 29998, 37997
4093, 29998, 36998
4094, 29998, 37998
4095, 29998, 37998
4096, 29999, 37998
4097, 29998, 36997
4098, 29998, 36998
4099, 29998, 37997
4100, 29998, 37998
4101, 29998, 37997
4102, 29998, 37998
4103, 30998, 37997
4104, 30998, 40998
4105, 29998, 37997
4106, 30998, 37998
4107, 30998, 36997
4108, 29998, 37998
4109, 29998, 36997
4110, 29998, 37998
4111, 29998, 37997
4112, 29998, 38998
4113, 27998, 37998
4114, 29998, 37998
4115, 29999, 36998
4116, 29998, 37998
4117, 30999, 36998
4118, 29998, 37997
4119, 29998, 36998
4120, 29998, 37997
4121, 29998, 37998
4122, 30998, 36997
4123, 29998, 37998
4124, 29998, 55996
4125, 163990, 37998
4126, 30998, 37998
4127, 29998, 37998
4128, 29998, 37998
4129, 30998, 37997
4130, 30998, 37998
4131, 29998, 36998
4132, 29998, 36998
4133, 29999, 37998
4134, 29998, 36998
4135, 28999, 36998
4136, 30998, 36997
4137, 29998, 36998
4138, 29998, 37997
4139, 29998, 36998
4140, 29998, 37998
4141, 29998, 37998
4142, 29998, 37998
4143, 30998, 37998
4144, 30998, 43998
4145, 29998, 37997
4146, 29998, 37998
4147, 29998, 38997
4148, 36997, 62996
4149, 37998, 50997
4150, 37997, 49997
4151, 29999, 37998
4152, 30998, 36997
4153, 30998, 37998
4154, 29998, 36997
4155, 29998, 37998
4156, 29998, 37998
4157, 28998, 37998
4158, 30999, 39998
4159, 30998, 36998
4160, 30998, 37998
4161, 30998, 37998
4162, 30999, 43998
4163, 29998, 37997
4164, 30998, 36998
4165, 29998, 36998
4166, 29998, 36998
4167, 29999, 37998
4168, 29998, 37998
4169, 29998, 36998
4170, 29998, 37997
4171, 28998, 36998
4172, 29998, 36997
4173, 29998, 37998
4174, 28999, 37998
4175, 29998, 37998
4176, 29999, 37998
4177, 29998, 36997
4178, 29998, 37998
4179, 97994, 38997
4180, 27999, 37998
4181, 29998, 41997
4182, 29998, 36998
4183, 29998, 36997
4184, 29998, 37998
4185, 29998, 36998
4186, 29999, 37998
4187, 29998, 37998
4188, 29998, 37998
4189, 29998, 37998
4190, 29998, 37997
4191, 29998, 37998
4192, 29998, 37998
4193, 29999, 37998
4194, 30998, 37998
4195, 29998, 37997
4196, 27998, 36998
4197, 29999, 36997
4198, 29998, 37998
4199, 30998, 37997
4200, 29998, 36998
4201, 29998, 89994
4202, 37998, 38998
4203, 29998, 36998
4204, 29998, 36998
4205, 40997, 36998
4206, 29998, 37998
4207, 31998, 36997
4208, 30998, 37998
4209, 41998, 48997
4210, 29998, 36997
4211, 29998, 36998
4212, 29999, 37998
4213, 29998, 36997
4214, 29998, 37998
4215, 29998, 36997
4216, 29998, 36998
4217, 29998, 37997
4218, 29998, 37998
4219, 29999, 36998
4220, 29998, 37998
4221, 29999, 37998
4222, 29998, 36998
4223, 29999, 37998
4224, 28998, 37997
4225, 29998, 37998
4226, 29998, 37998
4227, 29998, 37998
4228, 30998, 37998
4229, 30998, 36998
4230, 29999, 37998
4231, 29998, 37998
4232, 30999, 36998
4233, 29998, 37997
4234, 30998, 37998
4235, 29998, 36997
4236, 29998, 37998
4237, 29998, 37997
4238, 29998, 37998
4239, 29998, 36998
4240, 29998, 36998
4241, 29999, 37998
4242, 29998, 37997
4243, 29998, 36998
4244, 30998, 36997
4245, 29998, 36998
4246, 29998, 36998
4247, 29998, 37998
4248, 30999, 36998
4249, 29998, 37997
4250, 30998, 36998
4251, 29998, 37997
4252, 29998, 37998
4253, 30998, 36998
4254, 29998, 37998
4255, 28999, 37998
4256, 29998, 36998
4257, 29998, 37998
4258, 30998, 37997
4259, 30998, 36998
4260, 29998, 36997
4261, 29998, 37998
4262, 26999, 37998
4263, 29998, 36998
4264, 29999, 37998
4265, 29998, 37997
4266, 30998, 37998
4267, 30998, 36997
4268, 29998, 37998
4269, 29998, 36997
4270, 29998, 37998
4271, 29998, 37997
4272, 29998, 37998
4273, 28999, 37998
4274, 29998, 36998
4275, 29999, 37998
4276, 29998, 36997
4277, 29998, 36998
4278, 29998, 37998
4279, 29998, 36998
4280, 29998, 37997
4281, 28998, 36998
4282, 29999, 36998
4283, 29998, 37998
4284, 29999, 37998
4285, 29998, 37998
4286, 30999, 37998
4287, 30998, 36998
4288, 29998, 40997
4289, 38998, 37998
4290, 29998, 36998
4291, 29999, 37998
4292, 30998, 36998
4293, 30999, 37998
4294, 30998, 37998
4295, 30999, 37998
4296, 39997, 88995
4297, 30998, 36998
4298, 29999, 37998
4299, 29998, 37998
4300, 29999, 36998
4301, 27998, 36997
4302, 28998, 36998
4303, 29998, 36998
4304, 51997, 37998
4305, 29998, 36997
4306, 29998, 36998
4307, 29998, 37998
4308, 30998, 37998
4309, 29998, 36998
4310, 29998, 37998
4311, 29999, 37998
4312, 29998, 37998
4313, 29999, 36998
4314, 29998, 36997
4315, 29998, 37998
4316, 30998, 37997
4317, 29998, 37998
4318, 30998, 37997
4319, 30998, 37998
4320, 30998, 37997
4321, 29998, 37998
4322, 29998, 37998
4323, 29998, 37997
4324, 29999, 37998
4325, 27998, 37997
4326, 29998, 36998
4327, 29998, 40997
4328, 29998, 37998
4329, 29998, 36997
4330, 29998, 36998
4331, 29998, 37998
4332, 29998, 36998
4333, 29999, 37998
4334, 29998, 36997
4335, 29998, 37998
4336, 29998, 36997
4337, 27998, 36998
4338, 29999, 37998
4339, 29998, 37998
4340, 29999, 36998
4341, 29998, 36998
4342, 29998, 37998
4343, 29998, 37997
4344, 29998, 37998
4345, 31998, 37997
4346, 29998, 36998
4347, 29998, 64996
4348, 43998, 36998
4349, 30998, 37998
4350, 29998, 37997
4351, 29998, 37998
4352, 29998, 37998
4353, 29998, 37998
4354, 29998, 37998
4355, 29998, 37998
4356, 29999, 37998
4357, 29998, 36998
4358, 29999, 37998
4359, 29998, 37997
4360, 30998, 37998
4361, 29998, 37997
4362, 29999, 37998
4363, 29998, 37997
4364, 29998, 37998
4365, 41998, 37998
4366, 29998, 69996
4367, 38997, 37998
4368, 30998, 45997
4369, 29998, 37997
4370, 53997, 36997
4371, 29998, 36998
4372, 29998, 36998
4373, 29999, 36998
4374, 29998, 37998
4375, 29998, 37997
4376, 29998, 37998
4377, 29998, 36998
4378, 29999, 37998
4379, 29998, 37997
4380, 29999, 36998
4381, 28998, 36998
4382, 29999, 36997
4383, 29998, 36998
4384, 29998, 42997
4385, 29998, 37997
4386, 29998, 37998
4387, 35998, 37998
4388, 29999, 37998
4389, 29998, 40998
4390, 29998, 37997
4391, 28998, 37998
4392, 33998, 36998
4393, 29999, 36998
4394, 29998, 39998
4395, 53997, 37998
4396, 29998, 36998
4397, 29999, 36998
4398, 29998, 37998
4399, 29999, 37998
4400, 29998, 37997
4401, 29998, 37998
4402, 29998, 36997
4403, 27998, 36998
4404, 29999, 36998
4405, 29998, 36997
4406, 29998, 36998
4407, 29998, 37998
4408, 29998, 38998
4409, 29999, 37998
4410, 27998, 37997
4411, 29998, 37998
4412, 29998, 36998
4413, 29998, 36998
4414, 29999, 37998
4415, 30998, 37998
4416, 29998, 37997
4417, 29998, 37998
4418, 30998, 36998
4419, 28998, 37997
4420, 29999, 36998
4421, 29998, 37997
4422, 29998, 37998
4423, 29998, 37998
4424, 29998, 37998
4425, 29999, 36998
4426, 29998, 51996
4427, 29998, 37998
4428, 29998, 37997
4429, 30998, 37998
4430, 30998, 36998
4431, 29998, 36998
4432, 29999, 37998
4433, 29998, 36997
4434, 29998, 37998
4435, 29998, 37997
4436, 29998, 37998
4437, 29998, 37997
4438, 29998, 37998
4439, 29998, 36998
4440, 30998, 37998
4441, 28999, 37998
4442, 29998, 37997
4443, 28999, 37998
4444, 29998, 37997
4445, 29998, 37998
4446, 170990, 44997
4447, 30998, 37997
4448, 30998, 174990
4449, 29998, 37998
4450, 29998, 37998
4451, 29998, 37998
4452, 29999, 37998
4453, 29998, 37998
4454, 29999, 37998
4455, 30998, 36998
4456, 30999, 36998
4457, 30998, 37998
4458, 29999, 37998
4459, 29998, 36998
4460, 29999, 55997
4461, 29998, 37998
4462, 30999, 37998
4463, 29998, 37998
4464, 50997, 37998
4465, 29998, 37997
4466, 29998, 37998
4467, 29999, 37998
4468, 29998, 37998
4469, 29999, 37998
4470, 30998, 37998
4471, 29999, 37998
4472, 28998, 36997
4473, 28998, 37998
4474, 29998, 36998
4475, 29998, 37998
4476, 40998, 36998
4477, 99994, 60997
4478, 47997, 49997
4479, 51997, 62996
4480, 40998, 40997
4481, 36998, 36998
4482, 29998, 37997
4483, 29998, 37998
4484, 29998, 37997
4485, 29998, 37998
4486, 30998, 36997
4487, 29998, 36998
4488, 29998, 36998
4489, 29998, 37998
4490, 29999, 37998
4491, 29998, 37997
4492, 30998, 37998
4493, 36998, 37998
4494, 29998, 36997
4495, 29998, 37998
4496, 30998, 36998
4497, 28998, 36998
4498, 29999, 36998
4499, 29998, 37997
4500, 29998, 40998
4501, 29998, 36998
4502, 29999, 37998
4503, 29998, 37998
4504, 29998, 37998
4505, 29998, 36997
4506, 29998, 37998
4507, 29998, 37997
4508, 29998, 36998
4509, 29998, 37998
4510, 37998, 93994
4511, 32998, 37998
4512, 30998, 37998
4513, 29998, 38997
4514, 30998, 37998
4515, 28998, 36998
4516, 29998, 36998
4517, 29999, 37998
4518, 29998, 37998
4519, 29999, 37998
4520, 30998, 125993
4521, 29998, 36998
4522, 29999, 37998
4523, 29998, 37998
4524, 30998, 36998
4525, 30998, 37997
4526, 29998, 36998
4527, 29998, 83995
4528, 30999, 37998
4529, 52997, 37998
4530, 30998, 36998
4531, 28999, 37998
4532, 29998, 36998
4533, 29999, 37998
4534, 30998, 36998
4535, 29999, 37998
4536, 29998, 36998
4537, 29998, 37998
4538, 29998, 36997
4539, 29998, 37998
4540, 29998, 37997
4541, 29998, 48997
4542, 27999, 37998
4543, 30998, 37998
4544, 29999, 37998
4545, 29998, 38998
4546, 36998, 37998
4547, 29998, 41998
4548, 30998, 55997
4549, 28999, 37998
4550, 50997, 37998
4551, 29998, 36998
4552, 29998, 43998
4553, 29998, 37998
4554, 29999, 36998
4555, 30998, 37998
4556, 29999, 36998
4557, 29998, 37998
4558, 28998, 37998
4559, 29998, 37998
4560, 29998, 37997
4561, 29998, 37998
4562, 29998, 54997
4563, 29999, 36998
4564, 30998, 36998
4565, 30998, 36997
4566, 29998, 37998
4567, 30998, 40998
4568, 29998, 37998
4569, 29998, 41998
4570, 30998, 36997
4571, 29998, 37998
4572, 34998, 37998
4573, 29999, 37998
4574, 29998, 40997
4575, 29999, 37997
4576, 29998, 36998
4577, 30998, 36998
4578, 29998, 36998
4579, 29999, 37998
4580, 30998, 37998
4581, 28999, 36998
4582, 29998, 37997
4583, 30998, 37997
4584, 29999, 36998
4585, 29998, 37998
4586, 29999, 37998
4587, 30998, 37997
4588, 29999, 60996
4589, 35998, 49997
4590, 30998, 37998
4591, 29998, 37997
4592, 29998, 37998
4593, 29998, 37997
4594, 29999, 37998
4595, 29998, 37997
4596, 30998, 39998
4597, 29998, 36998
4598, 29999, 36998
4599, 29998, 36998
4600, 29998, 37998
4601, 29998, 37997
4602, 29998, 37998
4603, 29998, 37997
4604, 30998, 37998
4605, 29998, 37997
4606, 29998, 36998
4607, 29998, 37998
4608, 29998, 86995
4609, 30998, 36998
4610, 29998, 36997
4611, 30998, 37998
4612, 27998, 37998
4613, 30998, 37998
4614, 27999, 37998
4615, 29998, 37997
4616, 29998, 37998
4617, 29998, 36997
4618, 30998, 37998
4619, 29998, 37997
4620, 29998, 36998
4621, 29998, 36998
4622, 29998, 36998
4623, 30999, 37998
4624, 30998, 37998
4625, 29999, 37998
4626, 29998, 37998
4627, 29999, 37998
4628, 72996, 37998
4629, 29999, 37998
4630, 29998, 36997
4631, 29998, 36998
4632, 29998, 37997
4633, 29999, 36998
4634, 29998, 37997
4635, 30998, 36998
4636, 29998, 37997
4637, 29998, 37998
4638, 28999, 36998
4639, 29998, 37998
4640, 29999, 36998
4641, 29998, 37997
4642, 29998, 37998
4643, 29998, 37997
4644, 29998, 37998
4645, 30998, 36998
4646, 30998, 37998
4647, 29999, 36998
4648, 119993, 37998
4649, 45998, 40997
4650, 37998, 36998
4651, 29998, 36998
4652, 29998, 36998
4653, 29998, 36997
4654, 29998, 37998
4655, 28999, 37998
4656, 30998, 36998
4657, 29999, 36998
4658, 29998, 37997
4659, 30998, 36998
4660, 29998, 37997
4661, 29998, 37998
4662, 29998, 37997
4663, 30998, 36998
4664, 29998, 36997
4665, 29998, 37998
4666, 29998, 37997
4667, 29999, 36998
4668, 29998, 37998
4669, 29999, 37998
4670, 29998, 36997
4671, 29998, 37998
4672, 30998, 37997
4673, 29998, 36998
4674, 29999, 37998
4675, 29998, 36998
4676, 29999, 36998
4677, 29998, 37998
4678, 29999, 37998
4679, 29998, 36998
4680, 27999, 37998
4681, 29998, 36997
4682, 29998, 37998
4683, 29998, 37997
4684, 29998, 37998
4685, 30998, 36998
4686, 29998, 38998
4687, 29998, 37998
4688, 29998, 36998
4689, 30998, 37998
4690, 29998, 36998
4691, 73996, 37998
4692, 29998, 36997
4693, 29998, 37998
4694, 30998, 37997
4695, 29998, 37998
4696, 29998, 36997
4697, 29998, 37998
4698, 30998, 36997
4699, 30998, 36998
4700, 29998, 37997
4701, 27998, 37998
4702, 29999, 36997
4703, 29998, 37998
4704, 29998, 37997
4705, 29998, 37998
4706, 29998, 37998
4707, 29998, 36998
4708, 29998, 37998
4709, 29998, 37998
4710, 29998, 58996
4711, 30998, 37997
4712, 30998, 36998
4713, 29999, 37998
4714, 29998, 36998
4715, 29999, 37998
4716, 28998, 36997
4717, 29998, 36998
4718, 29999, 37998
4719, 29998, 37998
4720, 29999, 122993
4721, 36998, 40998
4722, 29998, 37998
4723, 29999, 36998
4724, 30998, 37998
4725, 30999, 45997
4726, 29998, 36998
4727, 30998, 37997
4728, 29998, 37998
4729, 29999, 46997
4730, 29999, 37998
4731, 29998, 37998
4732, 29998, 37997
4733, 29998, 42998
4734, 30998, 37998
4735, 29999, 36998
4736, 34998, 37998
4737, 29999, 37998
4738, 29998, 40998
4739, 30998, 36997
4740, 29998, 36998
4741, 33998, 37997
4742, 29999, 37998
4743, 27998, 40997
4744, 30998, 37998
4745, 29998, 36997
4746, 34998, 37998
4747, 29998, 37998
4748, 29999, 40998
4749, 32998, 36998
4750, 27999, 36998
4751, 34998, 37998
4752, 29998, 37997
4753, 28998, 40998
4754, 29998, 37997
4755, 29998, 36998
4756, 33998, 36998
4757, 29999, 37998
4758, 28998, 40997
4759, 52997, 38997
4760, 29998, 36998
4761, 29998, 36997
4762, 30998, 36998
4763, 29998, 37998
4764, 29998, 37998
4765, 29998, 37998
4766, 29998, 37998
4767, 30999, 37998
4768, 29998, 36998
4769, 29999, 37998
4770, 29998, 37998
4771, 29999, 37998
4772, 32998, 45998
4773, 40998, 46997
4774, 36998, 117993
4775, 30998, 36998
4776, 29998, 63997
4777, 30998, 37998
4778, 29998, 669960
4779, 29998, 36998
4780, 148991, 53997
4781, 37997, 51997
4782, 41997, 51997
4783, 744956, 37998
4784, 30998, 37997
4785, 26998, 36998
4786, 29999, 37998
4787, 29998, 71996
4788, 19998, 24999
4789, 74995, 24998
4790, 19999, 24998
4791, 19999, 24998
4792, 18999, 23999
4793, 19999, 24999
4794, 18998, 24999
4795, 19998, 24999
4796, 18998, 24999
4797, 19999, 48998
4798, 19999, 24999
4799, 19998, 24999
4800, 19999, 23999
4801, 19999, 24998
4802, 19999, 23998
4803, 19999, 24998
4804, 19999, 23999
4805, 18999, 62996
4806, 19999, 23999
4807, 19999, 24999
4808, 18998, 23999
4809, 18999, 36997
4810, 19999, 23998
4811, 18999, 23999
4812, 38998, 29998
4813, 39998, 29998
4814, 19999, 33998
4815, 23998, 29998
4816, 18999, 23998
4817, 19999, 24998
4818, 19999, 23998
4819, 18999, 24999
4820, 31999, 18999
4821, 14999, 18999
4822, 14999, 18999
4823, 15000, 18999
4824, 15999, 18999
4825, 14999, 18999
4826, 14999, 18998
4827, 17999, 18999
4828, 15999, 18999
4829, 14999, 18999
4830, 14999, 18999
4831, 15000, 18999
4832, 14999, 18999
4833, 14999, 18999
4834, 14999, 18998
4835, 14999, 18999
4836, 14999, 17999
4837, 14999, 18999
4838, 14999, 17999
4839, 14999, 17999
4840, 14999, 17999
4841, 14999, 18999
4842, 15000, 18999
4843, 14999, 18999
4844, 14999, 18999
4845, 14999, 18999
4846, 15999, 18999
4847, 14999, 18999
4848, 13999, 18998
4849, 14999, 17999
4850, 15999, 18999
4851, 13999, 18999
4852, 15000, 17999
4853, 13999, 64996
4854, 19999, 40998
4855, 30998, 37997
4856, 29998, 128992
4857, 19999, 23998
4858, 19999, 23998
4859, 18999, 23998
4860, 18999, 27998
4861, 29998, 32998
4862, 24999, 24998
4863, 19999, 35998
4864, 14999, 18999
4865, 14999, 18999
4866, 14999, 18999
4867, 14999, 20999
4868, 14999, 18999
4869, 14999, 18999
4870, 15000, 65996
4871, 19998, 24999
4872, 19999, 23999
4873, 18999, 24998
4874, 18999, 24998
4875, 18999, 23999
4876, 19999, 24999
4877, 19998, 24999
4878, 19999, 23998
4879, 18999, 23998
4880, 18999, 23998
4881, 18999, 24998
4882, 19999, 24999
4883, 17999, 23999
4884, 18998, 23999
4885, 18999, 23999
4886, 18999, 23998
4887, 19999, 23998
4888, 18999, 40997
4889, 15999, 22999
4890, 52997, 38998
4891, 18999, 20998
4892, 66996, 18999
4893, 14999, 19999
4894, 15999, 19999
4895, 15999, 19999
4896, 16999, 20999
4897, 16999, 20998
4898, 16999, 20999
4899, 16999, 20999
4900, 16999, 20999
4901, 17999, 20998
4902, 16999, 19999
4903, 16999, 20999
4904, 23998, 20999
4905, 17999, 18999
4906, 14999, 23999
4907, 16998, 18998
4908, 14999, 18999
4909, 14999, 19999
4910, 14999, 18999
4911, 14999, 18998
4912, 15000, 18999
4913, 14999, 18999
4914, 14999, 18999
4915, 14999, 18998
4916, 14999, 17999
4917, 14999, 17999
4918, 14999, 17999
4919, 15000, 18999
4920, 14999, 18999
4921, 14999, 18999
4922, 14999, 18999
4923, 16999, 18999
4924, 15999, 18999
4925, 15000, 18999
4926, 14999, 15999
4927, 12999, 19999
4928, 17999, 21998
4929, 16999, 14999
4930, 11999, 29998
4931, 11999, 14999
4932, 12999, 15999
4933, 11999, 15000
4934, 11999, 15999
4935, 11999, 14999
4936, 12999, 15999
4937, 11999, 14999
4938, 11999, 14999
4939, 12999, 15999
4940, 11999, 14999
4941, 11999, 14999
4942, 12999, 15999
4943, 12000, 15999
4944, 12000, 14999
4945, 12000, 14999
4946, 13000, 15999
4947, 12000, 15999
4948, 12000, 20999
4949, 12999, 20999
4950, 12000, 15999
4951, 28999, 14999
4952, 11999, 15999
4953, 11999, 14999
4954, 11999, 14999
4955, 12999, 15999
4956, 11999, 14999
4957, 12999, 15999
4958, 11999, 15999
4959, 11999, 15000
4960, 12999, 15000
4961, 12999, 15999
4962, 11999, 14999
4963, 12999, 14999
4964, 12999, 15999
4965, 11999, 15999
4966, 11999, 14999
4967, 12999, 17999
4968, 12000, 14999
4969, 12999, 15999
4970, 11999, 14999
4971, 11999, 14999
4972, 11999, 14999
4973, 11999, 14999
4974, 12999, 16999
4975, 11999, 15999
4976, 11999, 14999
4977, 12999, 15999
4978, 12000, 14999
4979, 13000, 15999
4980, 12000, 15999
4981, 12000, 16999
4982, 12999, 15999
4983, 29998, 37998
4984, 29998, 58997
4985, 12999, 14999
4986, 10999, 14999
4987, 11999, 14999
4988, 12999, 14999
4989, 11999, 15999
4990, 11999, 15000
4991, 12999, 15000
4992, 12999, 16000
4993, 11999, 15999
4994, 11999, 15999
4995, 12999, 14999
4996, 11999, 15999
4997, 11999, 15999
4998, 10999, 14999
4999, 11999, 14999
