measuring time...
0, 12997, 15996
1, 11997, 15996
2, 11997, 14996
3, 11996, 14997
4, 11997, 14996
5, 12997, 14996
6, 11997, 15996
7, 11997, 14996
8, 10997, 14996
9, 11997, 14996
10, 11997, 14996
11, 12996, 15996
12, 15996, 16996
13, 13997, 27993
14, 14997, 19995
15, 15996, 14996
16, 11997, 15996
17, 11997, 14996
18, 11997, 14996
19, 12996, 14996
20, 11997, 23993
21, 12997, 14996
22, 11997, 14996
23, 12997, 14996
24, 12997, 14996
25, 12997, 15996
26, 11996, 14997
27, 11997, 14996
28, 12997, 15996
29, 11997, 14996
30, 11997, 14996
31, 12996, 14996
32, 12996, 15995
33, 11997, 14996
34, 11997, 14996
35, 11997, 14996
36, 12997, 15996
37, 11997, 14996
38, 12997, 14996
39, 11997, 15996
40, 11997, 14996
41, 11997, 14996
42, 12997, 15996
43, 11997, 15995
44, 10998, 14996
45, 11996, 14997
46, 11997, 14996
47, 12997, 14996
48, 11997, 15996
49, 11997, 14996
50, 11997, 14996
51, 12996, 14996
52, 11997, 14996
53, 11997, 14997
54, 11997, 15996
55, 11997, 14996
56, 12997, 14996
57, 11997, 15996
58, 11997, 14996
59, 11997, 14996
60, 39990, 37990
61, 29992, 37990
62, 29992, 36990
63, 28992, 37991
64, 29992, 37990
65, 28993, 37990
66, 29993, 36991
67, 29992, 41989
68, 38990, 23994
69, 18995, 23993
70, 19994, 24993
71, 19994, 24993
72, 19995, 23994
73, 18995, 24994
74, 19995, 24994
75, 19995, 23994
76, 19995, 24993
77, 19995, 24993
78, 19995, 23994
79, 18995, 23994
80, 18995, 24993
81, 19995, 24993
82, 18995, 23993
83, 18995, 23993
84, 19995, 24993
85, 18996, 22994
86, 19995, 23994
87, 18995, 23994
88, 18995, 23994
89, 19995, 24993
90, 18995, 24994
91, 18995, 23994
92, 18995, 23994
93, 18995, 24994
94, 19995, 24994
95, 19995, 24994
96, 17996, 23994
97, 19994, 24993
98, 19994, 24993
99, 19994, 24993
100, 19995, 24993
101, 19995, 23994
102, 19995, 24993
103, 18995, 23994
104, 17995, 24994
105, 19995, 24994
106, 18995, 23994
107, 19995, 24994
108, 19995, 24994
109, 19994, 24993
110, 33991, 37990
111, 29992, 36991
112, 29993, 37991
113, 28992, 36990
114, 29993, 62984
115, 56985, 37990
116, 29993, 37991
117, 29992, 37990
118, 29992, 37990
119, 29993, 37991
120, 30992, 38990
121, 29993, 37991
122, 29993, 37991
123, 29992, 37991
124, 29992, 37990
125, 30992, 37990
126, 29993, 37990
127, 63984, 36991
128, 28993, 36991
129, 29992, 37991
130, 29992, 37990
131, 29993, 36991
132, 29992, 37991
133, 29992, 37990
134, 29993, 36991
135, 29992, 36990
136, 29992, 37990
137, 29992, 160958
138, 30992, 36990
139, 30992, 37991
140, 29992, 38990
141, 29993, 37991
142, 29992, 37990
143, 30992, 37990
144, 32992, 37990
145, 30992, 37991
146, 28993, 37990
147, 29993, 37991
148, 29992, 37990
149, 30992, 36991
150, 29992, 36990
151, 29992, 37991
152, 29992, 37990
153, 30993, 37991
154, 30992, 37990
155, 29992, 37990
156, 30992, 38990
157, 36990, 37990
158, 27993, 61984
159, 29993, 37991
160, 29992, 36991
161, 30992, 37991
162, 30992, 38990
163, 29992, 37990
164, 30993, 36991
165, 29992, 36990
166, 30992, 37990
167, 29993, 37990
168, 28993, 36991
169, 29992, 36990
170, 29992, 37991
171, 29992, 36990
172, 30992, 37990
173, 29993, 37991
174, 30992, 37990
175, 29992, 37990
176, 35991, 37991
177, 30992, 36991
178, 29992, 37990
179, 32991, 69982
180, 69982, 48987
181, 53986, 86978
182, 36990, 45988
183, 35991, 50986
184, 36990, 51986
185, 36990, 51987
186, 37991, 48988
187, 36990, 49987
188, 37991, 50987
189, 36990, 49987
190, 34991, 50987
191, 35991, 53986
192, 38990, 51986
193, 35991, 50987
194, 80979, 50987
195, 37991, 50987
196, 35990, 49987
197, 37990, 48987
198, 38990, 49987
199, 36990, 52986
200, 37991, 52986
201, 38990, 50987
202, 37990, 51986
203, 37991, 50987
204, 36990, 52987
205, 37990, 51986
206, 60985, 48988
207, 66983, 31991
208, 58985, 44988
209, 27992, 36991
210, 22994, 94975
211, 19994, 24993
212, 19994, 24993
213, 19995, 39989
214, 18995, 23994
215, 19995, 23994
216, 19995, 24993
217, 18995, 59984
218, 20995, 23994
219, 19995, 24993
220, 19995, 24993
221, 18996, 23993
222, 18995, 23993
223, 18995, 24993
224, 19995, 24994
225, 19995, 24994
226, 19995, 24994
227, 19995, 23994
228, 18995, 23994
229, 18995, 23994
230, 18995, 23994
231, 18995, 23994
232, 19995, 24994
233, 19995, 23994
234, 23994, 23994
235, 19995, 24994
236, 19995, 38990
237, 18995, 23994
238, 19995, 23994
239, 19995, 18995
240, 13996, 19994
241, 14996, 18995
242, 14996, 17995
243, 14996, 17995
244, 14997, 18995
245, 14996, 18995
246, 14996, 19994
247, 14996, 18995
248, 14997, 18995
249, 14996, 18995
250, 14996, 19995
251, 14996, 18995
252, 15996, 17995
253, 14996, 18995
254, 14997, 18995
255, 14996, 18995
256, 15996, 18995
257, 14996, 17996
258, 14996, 19994
259, 14996, 18995
260, 14996, 18995
261, 14996, 18995
262, 14996, 18995
263, 14996, 18996
264, 14996, 18995
265, 14996, 18996
266, 14996, 18995
267, 25994, 18995
268, 14996, 18995
269, 14996, 18995
270, 14997, 18995
271, 14997, 18995
272, 14996, 18995
273, 14996, 18995
274, 14996, 18995
275, 17995, 17996
276, 14996, 18995
277, 14996, 18995
278, 14996, 18996
279, 14996, 18995
280, 14996, 18995
281, 14996, 17995
282, 14996, 17995
283, 14996, 18995
284, 14997, 18995
285, 14996, 19995
286, 14996, 14996
287, 11997, 14996
288, 11997, 15996
289, 11997, 14996
290, 11997, 14996
291, 11997, 14996
292, 11997, 14996
293, 11997, 15996
294, 11997, 15996
295, 11997, 14997
296, 11996, 14997
297, 11997, 14996
298, 12997, 14996
299, 12997, 14996
300, 11997, 15996
301, 11997, 15996
302, 11997, 15996
303, 11997, 15996
304, 11997, 14996
305, 12996, 14996
306, 11997, 14996
307, 11997, 14996
308, 12997, 14996
309, 11997, 14996
310, 11997, 14996
311, 11997, 14996
312, 11997, 15996
313, 11997, 15996
314, 11997, 15996
315, 11997, 15996
316, 11996, 15996
317, 11997, 14996
318, 11997, 14996
319, 11997, 14996
320, 11997, 15995
321, 11997, 15996
322, 11997, 14996
323, 11997, 14996
324, 11997, 14996
325, 11997, 14996
326, 11997, 14996
327, 12996, 14996
328, 11997, 14996
329, 11997, 14997
330, 12996, 14997
331, 11997, 14996
332, 11997, 31991
333, 11997, 15996
334, 11997, 14996
335, 11997, 14996
336, 11997, 14996
337, 11997, 14996
338, 12996, 15996
339, 13997, 18995
340, 14996, 18995
341, 14996, 18995
342, 14996, 18996
343, 14996, 18995
344, 14996, 18995
345, 15996, 18995
346, 14996, 17995
347, 14996, 18995
348, 14996, 18996
349, 14996, 18995
350, 14996, 19995
351, 14996, 18995
352, 13996, 18995
353, 14996, 18995
354, 14996, 18996
355, 14996, 18995
356, 14996, 18995
357, 14997, 18995
358, 14996, 17995
359, 15996, 23993
360, 15996, 18995
361, 14997, 18995
362, 14996, 18995
363, 14996, 18995
364, 14996, 18995
365, 13997, 18995
366, 14996, 18995
367, 14997, 18995
368, 15996, 18995
369, 23994, 22994
370, 17995, 22994
371, 65984, 23994
372, 19995, 24993
373, 19995, 23993
374, 18995, 23993
375, 18995, 23993
376, 19995, 24993
377, 19995, 23994
378, 18996, 23993
379, 19994, 24993
380, 19994, 24993
381, 19994, 23994
382, 18996, 23994
383, 19995, 24994
384, 19995, 23994
385, 19995, 24994
386, 18995, 67982
387, 16996, 21994
388, 14996, 18995
389, 13996, 18995
390, 14996, 18995
391, 14996, 18995
392, 23994, 31992
393, 22994, 31992
394, 19995, 24994
395, 18995, 23994
396, 18995, 23994
397, 18996, 23994
398, 18996, 24993
399, 19995, 38990
400, 51986, 37990
401, 29992, 37990
402, 29992, 36990
403, 31992, 37990
404, 28993, 37990
405, 29992, 37990
406, 29992, 36991
407, 29993, 37991
408, 29992, 37990
409, 29992, 37990
410, 29993, 37990
411, 29993, 37990
412, 29993, 37991
413, 33992, 37991
414, 29992, 37990
415, 29992, 37990
416, 29993, 37990
417, 29993, 46988
418, 30992, 36990
419, 29993, 37991
420, 50986, 37991
421, 29992, 37990
422, 29992, 36990
423, 29993, 37991
424, 29993, 37991
425, 29992, 37990
426, 29993, 37990
427, 33991, 36991
428, 29992, 37990
429, 29992, 57985
430, 29993, 37991
431, 29992, 37990
432, 29992, 37990
433, 29992, 36990
434, 29993, 36990
435, 29993, 37990
436, 30992, 36991
437, 33992, 37990
438, 29992, 37990
439, 33991, 44989
440, 59985, 37990
441, 30992, 37990
442, 29992, 37990
443, 30993, 36991
444, 29992, 37990
445, 29992, 37990
446, 48988, 48988
447, 30992, 37990
448, 28993, 37990
449, 29992, 37990
450, 30992, 36991
451, 29993, 36991
452, 29992, 36991
453, 29992, 36991
454, 29993, 36990
455, 90976, 38990
456, 29993, 37991
457, 29992, 36991
458, 161958, 36991
459, 29993, 36990
460, 29993, 36991
461, 29993, 36991
462, 29992, 38990
463, 29992, 38990
464, 29992, 37991
465, 32992, 39990
466, 64983, 30992
467, 24993, 24993
468, 19995, 24994
469, 18995, 23994
470, 19995, 25993
471, 19995, 23994
472, 19995, 23994
473, 18995, 23994
474, 18995, 23994
475, 18996, 23994
476, 19994, 23994
477, 18995, 23994
478, 19994, 23994
479, 19995, 23994
480, 19995, 24994
481, 19995, 24993
482, 18995, 23994
483, 19995, 24994
484, 18995, 23994
485, 19995, 24994
486, 19995, 24994
487, 19995, 23994
488, 18995, 24993
489, 19994, 23994
490, 18995, 24994
491, 19995, 24994
492, 18995, 23994
493, 18995, 24994
494, 19995, 24994
495, 19995, 24994
496, 18995, 23994
497, 19995, 24994
498, 19995, 23994
499, 18995, 24993
500, 19995, 23993
501, 19994, 23993
502, 19994, 24993
503, 18996, 23994
504, 19995, 24993
505, 19994, 24993
506, 18995, 100974
507, 19995, 24994
508, 19995, 24994
509, 19995, 24994
510, 19995, 23994
511, 18995, 23994
512, 18995, 23994
513, 18995, 23994
514, 19995, 24994
515, 19995, 24994
516, 18995, 24994
517, 19995, 24994
518, 19995, 22994
519, 19995, 24993
520, 18995, 24993
521, 19995, 24993
522, 19995, 23994
523, 19995, 24994
524, 18995, 24994
525, 19995, 24994
526, 19995, 23994
527, 19995, 24994
528, 18995, 23994
529, 18995, 23994
530, 19995, 24994
531, 18995, 23994
532, 19995, 24993
533, 43989, 55986
534, 19994, 24993
535, 19994, 24993
536, 18996, 23994
537, 18996, 23994
538, 18996, 23993
539, 19994, 23994
540, 23994, 49988
541, 18995, 24993
542, 17995, 25993
543, 17995, 23993
544, 18995, 23994
545, 17996, 24994
546, 17995, 24993
547, 17996, 25994
548, 18995, 24994
549, 17995, 23994
550, 18996, 24994
551, 17996, 24994
552, 18995, 23994
553, 14997, 18995
554, 14996, 17995
555, 14996, 18995
556, 14996, 18996
557, 15996, 18995
558, 14996, 18995
559, 14997, 18995
560, 14996, 26993
561, 18995, 215944
562, 46988, 23994
563, 17996, 23993
564, 18995, 28993
565, 17995, 26993
566, 19995, 23994
567, 21994, 23994
568, 21995, 27993
569, 17995, 25993
570, 23994, 42989
571, 38990, 38990
572, 16996, 25993
573, 19995, 166957
574, 11997, 14996
575, 11997, 14996
576, 12997, 14996
577, 11997, 14996
578, 11997, 14996
579, 11997, 14996
580, 12996, 14996
581, 11997, 15995
582, 11997, 15996
583, 11997, 14996
584, 11997, 14996
585, 11997, 14996
586, 11997, 14996
587, 12997, 14996
588, 11997, 14996
589, 12997, 14996
590, 12997, 15996
591, 11996, 15996
592, 11997, 15995
593, 11997, 14996
594, 11997, 14996
595, 11997, 14996
596, 11997, 14996
597, 11997, 14996
598, 12997, 15996
599, 11996, 15996
600, 11997, 14996
601, 10998, 14997
602, 11996, 14997
603, 12997, 15996
604, 11997, 15996
605, 11997, 15996
606, 11997, 14996
607, 11997, 14996
608, 12997, 15996
609, 11997, 14996
610, 11997, 14996
611, 11997, 15995
612, 11997, 14996
613, 12997, 14996
614, 11997, 14996
615, 11997, 14996
616, 11997, 14996
617, 11997, 15996
618, 11997, 14997
619, 11997, 15995
620, 11997, 14996
621, 11997, 14996
622, 11997, 14996
623, 12997, 14996
624, 11997, 14996
625, 11997, 14996
626, 12997, 14996
627, 12996, 14996
628, 12996, 14996
629, 12996, 14997
630, 11997, 15996
631, 11997, 15996
632, 11997, 15996
633, 11997, 15996
634, 11997, 15996
635, 11997, 14996
636, 11997, 14996
637, 11997, 14996
638, 11997, 15996
639, 11997, 14996
640, 11997, 14997
641, 11996, 14997
642, 11997, 14996
643, 11997, 14996
644, 12997, 15996
645, 11997, 15996
646, 11997, 15996
647, 11997, 14996
648, 11997, 14997
649, 11996, 14997
650, 11997, 14996
651, 27993, 19995
652, 13997, 20995
653, 14996, 18996
654, 14996, 18995
655, 15996, 18995
656, 14996, 21994
657, 14996, 34991
658, 11997, 27993
659, 15996, 43989
660, 14996, 18995
661, 13996, 18995
662, 11997, 14996
663, 11997, 14996
664, 12996, 14996
665, 12997, 15996
666, 11997, 14996
667, 12997, 15996
668, 11997, 14997
669, 11997, 14996
670, 12997, 15996
671, 11997, 14996
672, 11997, 15995
673, 11997, 15995
674, 11997, 14996
675, 12997, 14996
676, 11997, 14996
677, 11997, 15996
678, 35991, 14996
679, 11997, 14996
680, 12997, 14996
681, 11996, 14997
682, 11997, 14996
683, 12997, 15996
684, 11997, 15996
685, 11997, 14996
686, 12997, 15996
687, 11996, 14997
688, 11997, 14996
689, 11997, 14997
690, 11996, 14997
691, 12997, 14996
692, 12997, 15996
693, 11997, 14996
694, 11997, 17996
695, 11997, 14996
696, 12997, 14996
697, 12997, 15996
698, 11997, 15996
699, 11997, 15996
700, 11996, 14997
701, 11997, 14996
702, 12997, 14996
703, 12997, 15996
704, 11997, 14996
705, 11997, 15996
706, 11997, 14996
707, 14996, 21994
708, 16996, 19995
709, 16996, 20995
710, 15996, 21994
711, 15996, 36990
712, 16995, 19995
713, 16995, 21994
714, 14996, 22994
715, 16996, 18995
716, 14996, 18995
717, 16995, 20994
718, 16996, 20995
719, 15996, 19995
720, 13996, 17996
721, 13996, 18995
722, 17995, 18995
723, 14996, 17996
724, 12997, 29993
725, 14996, 18995
726, 13996, 18995
727, 13997, 19995
728, 12997, 18995
729, 15996, 18995
730, 14996, 18995
731, 11997, 16996
732, 13996, 18995
733, 14996, 15995
734, 16996, 16995
735, 15996, 19995
736, 11997, 17996
737, 15996, 20995
738, 16996, 16995
739, 28992, 16995
740, 12996, 19995
741, 14996, 18995
742, 23994, 17995
743, 12996, 19995
744, 15995, 20994
745, 15996, 19995
746, 11997, 18995
747, 15996, 20995
748, 16996, 18995
749, 16995, 20994
750, 16995, 15996
751, 16995, 21994
752, 10998, 18995
753, 13997, 20994
754, 18995, 19995
755, 12997, 21994
756, 216945, 14997
757, 10997, 18995
758, 10997, 13996
759, 10997, 14996
760, 10997, 13996
761, 11996, 34991
762, 34991, 36990
763, 19995, 18995
764, 19995, 61984
765, 17995, 38990
766, 10997, 34991
767, 17995, 24994
768, 32991, 14996
769, 10998, 27992
770, 16996, 25994
771, 10997, 33992
772, 18995, 24994
773, 31992, 13996
774, 32991, 38990
775, 18995, 24994
776, 32992, 13997
777, 30992, 23994
778, 17995, 57985
779, 11997, 25994
780, 18996, 22994
781, 10997, 13997
782, 20994, 24994
783, 17995, 20995
784, 10998, 13996
785, 18995, 18995
786, 30992, 24994
787, 17996, 36990
788, 10997, 32991
789, 17995, 24994
790, 30992, 13996
791, 10997, 24994
792, 17996, 35990
793, 10997, 13997
794, 21994, 25993
795, 15996, 29992
796, 21994, 24994
797, 32992, 13997
798, 10998, 276929
799, 11997, 13997
800, 10997, 13997
801, 10997, 46988
802, 73981, 14996
803, 17995, 13996
804, 14997, 13996
805, 13997, 13996
806, 12997, 13997
807, 11997, 13996
808, 11997, 24994
809, 12997, 13996
810, 18995, 13996
811, 11997, 13997
812, 19995, 15995
813, 10997, 13996
814, 13997, 94975
815, 12996, 13996
816, 18995, 13996
817, 11997, 13996
818, 19995, 14996
819, 10997, 13996
820, 11997, 72981
821, 12997, 13997
822, 10997, 13997
823, 10997, 13996
824, 10997, 30992
825, 10997, 13996
826, 10997, 23993
827, 11997, 13997
828, 27993, 15996
829, 10997, 14997
830, 14996, 106973
831, 10997, 13997
832, 11997, 20995
833, 10997, 14996
834, 10997, 13996
835, 12997, 13997
836, 10997, 19995
837, 10997, 13996
838, 10997, 30992
839, 10998, 13996
840, 10997, 19995
841, 10997, 13997
842, 10997, 30992
843, 10997, 13996
844, 10998, 19995
845, 11997, 13997
846, 10997, 13997
847, 10997, 13996
848, 10997, 34991
849, 13997, 16996
850, 12996, 17996
851, 10997, 14996
852, 21994, 13997
853, 13996, 15996
854, 10997, 13996
855, 10997, 13996
856, 12996, 91977
857, 12996, 13996
858, 12997, 13996
859, 10997, 13997
860, 10997, 31991
861, 16996, 18995
862, 10997, 13997
863, 11996, 13997
864, 10997, 15996
865, 94976, 13997
866, 13996, 29993
867, 10998, 13996
868, 10997, 19995
869, 10997, 13996
870, 31992, 14996
871, 10997, 20995
872, 71982, 19995
873, 16996, 17996
874, 10997, 14996
875, 10998, 13996
876, 12997, 14996
877, 11997, 13996
878, 10997, 13997
879, 11997, 13996
880, 11997, 13997
881, 11996, 13996
882, 10997, 24994
883, 30992, 14996
884, 11997, 13997
885, 16995, 13996
886, 10997, 80979
887, 13996, 13997
888, 17995, 13996
889, 11997, 22994
890, 13997, 13996
891, 10997, 18995
892, 81979, 22994
893, 10997, 20995
894, 11997, 13996
895, 10997, 13996
896, 10998, 13996
897, 10998, 13996
898, 10998, 13996
899, 10997, 13996
900, 10998, 13996
901, 10998, 13996
902, 11997, 13996
903, 10997, 13996
904, 10998, 13996
905, 10998, 13996
906, 25993, 26993
907, 11997, 13997
908, 10997, 13997
909, 10997, 13997
910, 10997, 13997
911, 10997, 13996
912, 19995, 14996
913, 19995, 42989
914, 11997, 13996
915, 11996, 13996
916, 10997, 13996
917, 10997, 13996
918, 10998, 13996
919, 11997, 14996
920, 10997, 13996
921, 10997, 13996
922, 11997, 13996
923, 11996, 13996
924, 11996, 13996
925, 10998, 13996
926, 10997, 13996
927, 10997, 13996
928, 10997, 13997
929, 10997, 13997
930, 10997, 13997
931, 11997, 13997
932, 11997, 13997
933, 10997, 13997
934, 11997, 14996
935, 11997, 14996
936, 11997, 14997
937, 12996, 14997
938, 11997, 15995
939, 11997, 15996
940, 11997, 15996
941, 11997, 14996
942, 12997, 14996
943, 12997, 14996
944, 12997, 15996
945, 11997, 15996
946, 11997, 14996
947, 11997, 15996
948, 11997, 14996
949, 11997, 14996
950, 12997, 14996
951, 12996, 14996
952, 11997, 15995
953, 11997, 15996
954, 11997, 14996
955, 11997, 15996
956, 11997, 14996
957, 12996, 37991
958, 29992, 36991
959, 29992, 37991
960, 29993, 36991
961, 32992, 15996
962, 10997, 13997
963, 10997, 13997
964, 22994, 14996
965, 12996, 26993
966, 13996, 16996
967, 10997, 45988
968, 41989, 13997
969, 10997, 13997
970, 10997, 13996
971, 10998, 12996
972, 11997, 13996
973, 10997, 13996
974, 13997, 18995
975, 11997, 17996
976, 12997, 14996
977, 10998, 16996
978, 13996, 22994
979, 12996, 41989
980, 13996, 16996
981, 12996, 14997
982, 11996, 17996
983, 31992, 13997
984, 48987, 13996
985, 80979, 20995
986, 25993, 20995
987, 10998, 29992
988, 18995, 13996
989, 19995, 13997
990, 11997, 13996
991, 10997, 13996
992, 10997, 14996
993, 10997, 32992
994, 11997, 13996
995, 10997, 13996
996, 10997, 13996
997, 10998, 13996
998, 11997, 13996
999, 11997, 13997
1000, 10997, 13997
1001, 10997, 13997
1002, 11997, 13997
1003, 10997, 13997
1004, 10997, 13997
1005, 12997, 13996
1006, 10998, 13996
1007, 10997, 13996
1008, 11996, 13996
1009, 10998, 13996
1010, 10998, 13996
1011, 10998, 13996
1012, 11996, 13996
1013, 10998, 13997
1014, 11997, 13996
1015, 10997, 13996
1016, 10997, 13997
1017, 10997, 13997
1018, 10997, 13997
1019, 11997, 13997
1020, 10997, 13997
1021, 10997, 13997
1022, 10997, 13997
1023, 38990, 13996
1024, 10998, 13996
1025, 10997, 13996
1026, 10997, 14996
1027, 10997, 18995
1028, 10997, 13997
1029, 10997, 13996
1030, 29992, 37991
1031, 29993, 37991
1032, 30992, 28993
1033, 10997, 13997
1034, 10997, 14997
1035, 10997, 13997
1036, 10997, 13997
1037, 12996, 13996
1038, 10997, 38990
1039, 12997, 13996
1040, 10997, 13996
1041, 11997, 13996
1042, 10997, 13996
1043, 10997, 16995
1044, 12997, 15996
1045, 11996, 14997
1046, 12997, 15996
1047, 11997, 14996
1048, 11997, 14996
1049, 13997, 14997
1050, 11997, 15996
1051, 11997, 14996
1052, 11997, 14996
1053, 11997, 15996
1054, 13996, 15996
1055, 12997, 14996
1056, 12997, 15996
1057, 12997, 14996
1058, 11997, 15996
1059, 13996, 15995
1060, 11997, 14996
1061, 11997, 14996
1062, 12997, 14996
1063, 12997, 18996
1064, 12996, 15995
1065, 11997, 15996
1066, 11997, 14996
1067, 12997, 14996
1068, 12997, 16996
1069, 13997, 15996
1070, 11997, 24993
1071, 12997, 15996
1072, 11997, 14996
1073, 11997, 25994
1074, 11997, 14996
1075, 11997, 14997
1076, 12996, 14997
1077, 11997, 15996
1078, 11997, 15996
1079, 11997, 14996
1080, 11997, 14996
1081, 12997, 14996
1082, 12997, 15996
1083, 12996, 16996
1084, 12996, 15996
1085, 11997, 15996
1086, 11997, 14996
1087, 12997, 14996
1088, 24994, 14996
1089, 10997, 13997
1090, 10997, 13996
1091, 10997, 13996
1092, 10997, 13996
1093, 10997, 20994
1094, 17995, 67982
1095, 11997, 14996
1096, 10997, 13996
1097, 11997, 13996
1098, 10997, 13997
1099, 10997, 13997
1100, 10997, 13996
1101, 10997, 13996
1102, 11997, 13996
1103, 11997, 13996
1104, 10997, 14996
1105, 10997, 13996
1106, 11997, 13996
1107, 10998, 13996
1108, 10997, 13996
1109, 11997, 13996
1110, 11997, 13996
1111, 10998, 13996
1112, 10997, 13996
1113, 10998, 13996
1114, 10998, 13996
1115, 10998, 13996
1116, 11996, 13996
1117, 10998, 13996
1118, 10998, 20994
1119, 10997, 13996
1120, 11997, 13996
1121, 10997, 13996
1122, 10997, 14996
1123, 10997, 13996
1124, 11997, 13996
1125, 10997, 13996
1126, 10997, 13997
1127, 10997, 13997
1128, 10997, 13997
1129, 10997, 13996
1130, 10997, 13997
1131, 10997, 13997
1132, 10997, 13996
1133, 11997, 13996
1134, 10997, 23994
1135, 11996, 13996
1136, 10998, 13996
1137, 11997, 13996
1138, 11997, 13996
1139, 11996, 13996
1140, 10998, 13996
1141, 10997, 13996
1142, 10997, 13996
1143, 10997, 13996
1144, 10998, 13996
1145, 10997, 13997
1146, 11997, 13997
1147, 11997, 13997
1148, 11997, 13996
1149, 10997, 13996
1150, 10997, 13996
1151, 10997, 13996
1152, 10998, 13996
1153, 11997, 13996
1154, 10998, 13996
1155, 11996, 13996
1156, 11997, 13996
1157, 10998, 13996
1158, 10998, 13996
1159, 10997, 13996
1160, 11997, 13996
1161, 11997, 13996
1162, 10998, 13996
1163, 10997, 13996
1164, 10997, 13996
1165, 10998, 14996
1166, 10997, 13996
1167, 9997, 13996
1168, 10997, 13996
1169, 10997, 14996
1170, 10997, 13997
1171, 10997, 13996
1172, 44988, 13997
1173, 10997, 13997
1174, 9997, 46988
1175, 10997, 13996
1176, 10997, 13996
1177, 10997, 13997
1178, 10997, 13996
1179, 10997, 13996
1180, 10997, 13996
1181, 10997, 13996
1182, 10997, 13996
1183, 11997, 13996
1184, 11997, 13996
1185, 11997, 15996
1186, 10997, 13996
1187, 11997, 13996
1188, 10997, 13997
1189, 10997, 13996
1190, 11997, 13996
1191, 10997, 13996
1192, 10997, 13996
1193, 11997, 13996
1194, 10997, 13996
1195, 10997, 13996
1196, 11997, 13996
1197, 11997, 13996
1198, 10997, 13996
1199, 11997, 13996
1200, 10997, 13997
1201, 10997, 13996
1202, 10997, 13996
1203, 11997, 13996
1204, 10997, 13997
1205, 11997, 13997
1206, 10997, 13997
1207, 11997, 13996
1208, 10997, 13996
1209, 10997, 13997
1210, 10997, 13997
1211, 10997, 13996
1212, 10998, 13996
1213, 10997, 13996
1214, 11997, 13996
1215, 10998, 13996
1216, 10997, 13997
1217, 10997, 13997
1218, 11997, 13997
1219, 10997, 77980
1220, 10997, 13996
1221, 11997, 13997
1222, 11997, 13997
1223, 10997, 13997
1224, 10997, 13996
1225, 10997, 13996
1226, 11997, 13996
1227, 11997, 13996
1228, 10997, 13996
1229, 10997, 13997
1230, 10997, 13996
1231, 11997, 13996
1232, 10997, 13996
1233, 9998, 13996
1234, 10997, 13996
1235, 11997, 13997
1236, 10997, 13996
1237, 10997, 13997
1238, 12996, 13996
1239, 10998, 13996
1240, 10998, 13996
1241, 10997, 12997
1242, 11997, 13997
1243, 10997, 13997
1244, 10997, 13996
1245, 10997, 13996
1246, 10997, 13997
1247, 9997, 13996
1248, 10997, 13996
1249, 10997, 12996
1250, 11997, 18995
1251, 13997, 13996
1252, 10998, 13996
1253, 10997, 22994
1254, 10998, 13996
1255, 10997, 13996
1256, 10997, 13996
1257, 10997, 13996
1258, 11997, 13996
1259, 11997, 13996
1260, 10997, 13996
1261, 10997, 13996
1262, 10997, 13996
1263, 10998, 13996
1264, 9998, 13996
1265, 10997, 13997
1266, 10997, 13996
1267, 10997, 13996
1268, 10997, 14996
1269, 10997, 13996
1270, 10998, 13996
1271, 10998, 13996
1272, 11997, 13996
1273, 10997, 13996
1274, 9998, 13996
1275, 10997, 13997
1276, 10997, 13997
1277, 10997, 13997
1278, 10997, 13997
1279, 11997, 13997
1280, 10997, 13997
1281, 10997, 13997
1282, 11997, 13997
1283, 10997, 13997
1284, 10997, 13997
1285, 10997, 13997
1286, 10997, 13997
1287, 10997, 13996
1288, 10997, 13997
1289, 10997, 13997
1290, 10997, 13996
1291, 10997, 13996
1292, 10997, 13996
1293, 11997, 13996
1294, 10997, 13996
1295, 10997, 13996
1296, 10997, 13996
1297, 11997, 13996
1298, 10997, 13996
1299, 10997, 13996
1300, 11997, 13996
1301, 10998, 13996
1302, 10997, 13996
1303, 15996, 14996
1304, 10997, 13996
1305, 10997, 13996
1306, 10998, 14996
1307, 30992, 37990
1308, 29992, 36991
1309, 29992, 36990
1310, 29992, 37990
1311, 29993, 37991
1312, 30992, 37990
1313, 30992, 61984
1314, 28993, 18995
1315, 14996, 14996
1316, 11997, 14996
1317, 12997, 15996
1318, 10997, 14996
1319, 12997, 14996
1320, 11997, 14996
1321, 12997, 15996
1322, 11997, 14997
1323, 12996, 14996
1324, 12997, 15995
1325, 11997, 14996
1326, 11997, 14996
1327, 12997, 15996
1328, 10997, 14996
1329, 12997, 14996
1330, 10997, 14996
1331, 11997, 15996
1332, 11997, 14996
1333, 11997, 14997
1334, 11997, 14997
1335, 12997, 15995
1336, 11997, 14996
1337, 11997, 14996
1338, 11997, 15996
1339, 11997, 15996
1340, 11997, 23994
1341, 10997, 14996
1342, 11997, 14996
1343, 12997, 14996
1344, 11997, 15996
1345, 11997, 15996
1346, 11997, 14997
1347, 11996, 14997
1348, 11997, 14996
1349, 12996, 14997
1350, 12996, 14997
1351, 12996, 14997
1352, 12997, 14996
1353, 11997, 15996
1354, 11997, 14996
1355, 11997, 14996
1356, 11997, 14996
1357, 12996, 14996
1358, 12996, 15995
1359, 11997, 14997
1360, 11997, 15996
1361, 11997, 14996
1362, 11997, 15996
1363, 11997, 14996
1364, 11997, 14996
1365, 11997, 14996
1366, 11997, 15996
1367, 11997, 25993
1368, 11997, 24994
1369, 19995, 24994
1370, 19995, 24994
1371, 17995, 24993
1372, 19995, 23993
1373, 18995, 24994
1374, 18995, 23994
1375, 19995, 24994
1376, 19995, 23994
1377, 21994, 38990
1378, 29992, 36990
1379, 29992, 55985
1380, 29992, 36991
1381, 29993, 37991
1382, 29993, 36991
1383, 28992, 38989
1384, 29992, 37990
1385, 39990, 24993
1386, 19995, 24993
1387, 19995, 23994
1388, 18995, 24993
1389, 18996, 23994
1390, 19995, 24994
1391, 19995, 24994
1392, 19995, 23994
1393, 19995, 24994
1394, 19995, 24994
1395, 19995, 24994
1396, 17995, 23993
1397, 19994, 23993
1398, 19994, 24993
1399, 18996, 23994
1400, 18996, 24994
1401, 18995, 23994
1402, 19995, 23994
1403, 19995, 23994
1404, 19995, 24994
1405, 18995, 23994
1406, 18995, 24994
1407, 18996, 24993
1408, 18995, 23994
1409, 18995, 24994
1410, 19995, 24994
1411, 19995, 23994
1412, 18995, 23994
1413, 17996, 24993
1414, 19994, 24993
1415, 49987, 24993
1416, 19995, 24994
1417, 19995, 23994
1418, 18995, 23994
1419, 18995, 23994
1420, 18995, 24993
1421, 18995, 24993
1422, 19995, 24993
1423, 18995, 23994
1424, 17995, 24993
1425, 19995, 24993
1426, 18995, 23993
1427, 21995, 37990
1428, 29992, 37990
1429, 29993, 37991
1430, 29993, 37990
1431, 29992, 37990
1432, 29992, 37990
1433, 29993, 36991
1434, 29992, 24994
1435, 19995, 24993
1436, 19994, 24993
1437, 19994, 24993
1438, 18995, 23994
1439, 36990, 23994
1440, 18995, 24993
1441, 31992, 23994
1442, 19995, 37990
1443, 19995, 24993
1444, 19995, 23994
1445, 18995, 23994
1446, 20995, 23994
1447, 18995, 23994
1448, 18995, 23994
1449, 18995, 23994
1450, 19995, 24993
1451, 19994, 23994
1452, 18995, 23994
1453, 18995, 35991
1454, 48988, 24994
1455, 19995, 24993
1456, 18996, 24993
1457, 18995, 23994
1458, 19995, 24994
1459, 18995, 23994
1460, 19995, 23994
1461, 18995, 24993
1462, 19995, 23994
1463, 19995, 24993
1464, 18995, 24994
1465, 18995, 24994
1466, 19995, 23994
1467, 18995, 24994
1468, 19995, 24994
1469, 19995, 23994
1470, 18995, 23994
1471, 19995, 37990
1472, 30992, 36990
1473, 29993, 52987
1474, 17995, 24993
1475, 18996, 37990
1476, 29992, 46988
1477, 18995, 23994
1478, 19995, 24994
1479, 19995, 23994
1480, 18995, 42988
1481, 19995, 24994
1482, 19995, 24994
1483, 19995, 24994
1484, 19995, 24993
1485, 19994, 24993
1486, 19994, 24993
1487, 19994, 24993
1488, 19995, 24993
1489, 19995, 24993
1490, 19995, 24993
1491, 19995, 32992
1492, 52987, 24993
1493, 19995, 24994
1494, 19995, 23994
1495, 18995, 24993
1496, 19994, 23994
1497, 18995, 23994
1498, 19995, 23994
1499, 19995, 24994
1500, 18995, 23994
1501, 19995, 24994
1502, 19995, 23994
1503, 18995, 23994
1504, 19995, 23993
1505, 19995, 24993
1506, 19995, 24993
1507, 18996, 24993
1508, 18995, 23994
1509, 19995, 23994
1510, 66983, 24993
1511, 19995, 23994
1512, 30992, 36990
1513, 29992, 37990
1514, 29993, 37991
1515, 29992, 37990
1516, 29992, 37990
1517, 30992, 36990
1518, 29993, 36991
1519, 29992, 37990
1520, 29992, 36991
1521, 29992, 37991
1522, 32991, 37990
1523, 29992, 36990
1524, 29992, 36990
1525, 29993, 31992
1526, 19995, 24994
1527, 19995, 23994
1528, 18995, 23994
1529, 18995, 23994
1530, 18995, 23994
1531, 19995, 24994
1532, 18995, 27993
1533, 19994, 24993
1534, 18996, 23994
1535, 18996, 23994
1536, 19995, 24993
1537, 17995, 23994
1538, 19995, 24994
1539, 19995, 24994
1540, 19995, 23994
1541, 18995, 23994
1542, 18996, 23993
1543, 18995, 24993
1544, 18995, 23994
1545, 19995, 24994
1546, 19995, 24994
1547, 19995, 23994
1548, 18995, 23994
1549, 19995, 24994
1550, 19995, 23994
1551, 18995, 23994
1552, 19995, 24994
1553, 19995, 23994
1554, 18996, 23993
1555, 18995, 24993
1556, 19994, 24993
1557, 17995, 24994
1558, 19995, 24994
1559, 18995, 23994
1560, 19995, 24993
1561, 19995, 23993
1562, 18995, 24993
1563, 18995, 24993
1564, 18996, 24994
1565, 19995, 24994
1566, 19995, 24993
1567, 19995, 23994
1568, 17995, 24994
1569, 18995, 23994
1570, 18995, 23994
1571, 18995, 23994
1572, 18996, 23994
1573, 19995, 24994
1574, 19995, 61984
1575, 30992, 37990
1576, 29992, 38990
1577, 29992, 37990
1578, 29992, 37990
1579, 29993, 37990
1580, 29993, 38990
1581, 29992, 37990
1582, 29993, 38990
1583, 30992, 37990
1584, 29993, 38990
1585, 29992, 37990
1586, 29993, 109972
1587, 29993, 37990
1588, 29992, 36991
1589, 29992, 37990
1590, 30992, 36991
1591, 29992, 37991
1592, 30992, 36990
1593, 29992, 38990
1594, 27993, 37990
1595, 29992, 38990
1596, 29992, 37990
1597, 30992, 37990
1598, 29992, 37990
1599, 29993, 37991
1600, 30992, 36991
1601, 29992, 36991
1602, 29993, 37991
1603, 29992, 37991
1604, 30992, 37990
1605, 29992, 38990
1606, 35991, 62983
1607, 30992, 39989
1608, 29992, 36990
1609, 32992, 37990
1610, 30992, 36991
1611, 29992, 36990
1612, 29992, 36990
1613, 30992, 37990
1614, 30992, 37990
1615, 29993, 38990
1616, 29992, 36990
1617, 29993, 36990
1618, 29993, 36991
1619, 30992, 37991
1620, 29992, 37990
1621, 30992, 37991
1622, 29993, 37990
1623, 30992, 37990
1624, 29993, 37991
1625, 54986, 37990
1626, 29992, 36990
1627, 30992, 36990
1628, 29992, 36991
1629, 29992, 37990
1630, 29992, 37990
1631, 29992, 36990
1632, 29993, 37990
1633, 29992, 37990
1634, 29992, 36990
1635, 162958, 38990
1636, 29992, 37990
1637, 29992, 37991
1638, 29992, 37990
1639, 30992, 37991
1640, 29992, 37990
1641, 29992, 37991
1642, 30992, 37990
1643, 29992, 36990
1644, 33992, 36991
1645, 30992, 36990
1646, 30992, 37990
1647, 29992, 37990
1648, 30992, 37991
1649, 29992, 37990
1650, 29993, 36990
1651, 29992, 36990
1652, 29993, 37990
1653, 29993, 37991
1654, 29992, 36990
1655, 29992, 36991
1656, 30992, 37990
1657, 29992, 37990
1658, 29992, 101974
1659, 30992, 37990
1660, 29992, 37990
1661, 30992, 64983
1662, 32992, 37990
1663, 30992, 36991
1664, 30992, 37990
1665, 29992, 36990
1666, 29992, 36991
1667, 29993, 37991
1668, 30992, 37990
1669, 29992, 37990
1670, 29993, 37991
1671, 28993, 36990
1672, 29992, 37990
1673, 29992, 37990
1674, 28992, 37990
1675, 30992, 37990
1676, 29992, 36991
1677, 29992, 40989
1678, 29992, 37991
1679, 47988, 37990
1680, 30992, 37990
1681, 30992, 37990
1682, 28993, 38990
1683, 30992, 37990
1684, 29992, 36990
1685, 29992, 37990
1686, 30992, 38990
1687, 29992, 37990
1688, 29992, 37990
1689, 29993, 37991
1690, 29992, 36990
1691, 29992, 44989
1692, 29993, 37991
1693, 29993, 37991
1694, 30992, 37990
1695, 29992, 36990
1696, 27993, 37990
1697, 29992, 37990
1698, 29993, 38990
1699, 29992, 37990
1700, 29993, 37991
1701, 30992, 36991
1702, 29992, 37990
1703, 29992, 37990
1704, 29993, 37991
1705, 41989, 37991
1706, 30992, 37991
1707, 29992, 37990
1708, 29993, 36991
1709, 30992, 37990
1710, 53986, 37990
1711, 29993, 39990
1712, 28992, 37990
1713, 29992, 38990
1714, 29993, 36991
1715, 29992, 36990
1716, 29992, 37991
1717, 30992, 37990
1718, 29992, 38990
1719, 29992, 37990
1720, 29992, 37990
1721, 29992, 36991
1722, 29993, 36991
1723, 29992, 37990
1724, 30992, 37991
1725, 30992, 37990
1726, 29992, 37990
1727, 29993, 37991
1728, 29992, 36990
1729, 30992, 37991
1730, 29992, 36991
1731, 30992, 36991
1732, 30992, 36990
1733, 29992, 36991
1734, 29992, 36991
1735, 45988, 43989
1736, 27992, 36991
1737, 29992, 36990
1738, 30992, 36990
1739, 30992, 36991
1740, 30992, 37990
1741, 30992, 37990
1742, 30992, 36990
1743, 29993, 37991
1744, 29992, 37990
1745, 29992, 37990
1746, 29993, 37991
1747, 28993, 36990
1748, 30992, 37991
1749, 29992, 37990
1750, 29993, 37991
1751, 27993, 37991
1752, 29992, 36991
1753, 29992, 36990
1754, 27992, 43988
1755, 28993, 36991
1756, 29992, 37990
1757, 27992, 37991
1758, 29992, 37990
1759, 30992, 38990
1760, 29993, 37990
1761, 29992, 38990
1762, 29992, 37990
1763, 29992, 37991
1764, 75980, 39990
1765, 29993, 36991
1766, 29992, 37990
1767, 29992, 37990
1768, 29992, 37990
1769, 29992, 37990
1770, 29992, 36990
1771, 30992, 36991
1772, 29992, 36990
1773, 29992, 39990
1774, 29993, 37990
1775, 29992, 37990
1776, 29992, 36990
1777, 29992, 37990
1778, 29993, 37991
1779, 29992, 36991
1780, 29992, 37991
1781, 29992, 36990
1782, 30992, 36990
1783, 28993, 37990
1784, 29992, 36990
1785, 30992, 36991
1786, 29993, 107972
1787, 38990, 50987
1788, 37991, 48987
1789, 30992, 37991
1790, 29992, 37990
1791, 29992, 38990
1792, 29992, 37990
1793, 29992, 37990
1794, 29992, 36991
1795, 29993, 37991
1796, 29992, 36991
1797, 29992, 37990
1798, 29992, 36990
1799, 29993, 39989
1800, 29992, 36990
1801, 29992, 36990
1802, 29992, 37990
1803, 29993, 37991
1804, 29992, 37990
1805, 32991, 37990
1806, 29992, 37990
1807, 29992, 37990
1808, 29993, 37991
1809, 29992, 37990
1810, 29992, 36990
1811, 29992, 37990
1812, 29993, 37991
1813, 29992, 36991
1814, 29992, 37990
1815, 30992, 37990
1816, 30992, 36991
1817, 29992, 36991
1818, 29993, 36990
1819, 29992, 36991
1820, 29993, 36990
1821, 28992, 37990
1822, 29992, 38990
1823, 29993, 36991
1824, 29992, 38990
1825, 29992, 37990
1826, 29992, 36990
1827, 29993, 37991
1828, 29993, 37991
1829, 29992, 37990
1830, 29992, 36990
1831, 29992, 37990
1832, 29993, 36991
1833, 29992, 37990
1834, 29992, 36990
1835, 29992, 37990
1836, 29993, 37991
1837, 29992, 37990
1838, 29992, 36990
1839, 29992, 36990
1840, 29992, 36990
1841, 29993, 37990
1842, 97975, 130966
1843, 39990, 37990
1844, 30992, 37990
1845, 29992, 37990
1846, 29993, 37991
1847, 30992, 37990
1848, 29993, 37991
1849, 29992, 37990
1850, 29992, 37990
1851, 29993, 37991
1852, 29992, 36991
1853, 31992, 37991
1854, 29992, 37990
1855, 30992, 37990
1856, 30992, 37990
1857, 76980, 38990
1858, 29992, 36991
1859, 30992, 36990
1860, 29992, 41990
1861, 29992, 36990
1862, 29992, 38990
1863, 30992, 37990
1864, 29993, 36991
1865, 28993, 36990
1866, 30992, 118970
1867, 32991, 37990
1868, 39990, 37991
1869, 30992, 37990
1870, 33992, 46988
1871, 29993, 37990
1872, 30992, 50987
1873, 40990, 35991
1874, 29992, 36991
1875, 29992, 37990
1876, 29992, 36990
1877, 29993, 37990
1878, 28993, 37990
1879, 29992, 37990
1880, 30993, 36991
1881, 29992, 37990
1882, 29992, 37990
1883, 30992, 37990
1884, 28993, 36990
1885, 29992, 36991
1886, 27993, 37990
1887, 29993, 37990
1888, 29993, 37991
1889, 30992, 37990
1890, 29992, 36990
1891, 29993, 37990
1892, 30992, 36991
1893, 29992, 37990
1894, 28993, 36991
1895, 29992, 37991
1896, 29992, 37990
1897, 30992, 36991
1898, 29992, 36991
1899, 29992, 36991
1900, 29992, 36990
1901, 29993, 37990
1902, 29992, 37990
1903, 29993, 36991
1904, 29992, 37991
1905, 27993, 36990
1906, 29992, 36991
1907, 29992, 37991
1908, 29992, 37990
1909, 29992, 37990
1910, 30992, 36990
1911, 30992, 37990
1912, 30992, 37991
1913, 30992, 36991
1914, 29992, 42989
1915, 30992, 165958
1916, 42989, 37991
1917, 29993, 37990
1918, 30992, 37990
1919, 29992, 37990
1920, 29992, 36990
1921, 29993, 37991
1922, 33991, 37990
1923, 29992, 36991
1924, 29992, 37990
1925, 30992, 37990
1926, 29993, 37990
1927, 29992, 36991
1928, 29993, 36991
1929, 29993, 37990
1930, 29993, 36991
1931, 30992, 36990
1932, 29992, 37990
1933, 29993, 37991
1934, 49987, 37990
1935, 28992, 36991
1936, 29993, 37991
1937, 29992, 37990
1938, 30992, 37990
1939, 29992, 36990
1940, 29992, 36991
1941, 29993, 37991
1942, 29992, 37990
1943, 29992, 36990
1944, 28992, 36990
1945, 29992, 37990
1946, 29993, 37990
1947, 29992, 131966
1948, 30992, 37991
1949, 29992, 37990
1950, 29992, 36991
1951, 29992, 37991
1952, 29992, 36990
1953, 29992, 36990
1954, 29993, 37990
1955, 29992, 37990
1956, 29992, 37990
1957, 30992, 56986
1958, 30992, 37990
1959, 29993, 39990
1960, 29993, 37990
1961, 29992, 37991
1962, 29992, 37990
1963, 29993, 37991
1964, 30992, 37990
1965, 29992, 37990
1966, 29993, 37991
1967, 35991, 37990
1968, 29992, 37990
1969, 29992, 36990
1970, 29992, 36990
1971, 29993, 36991
1972, 29993, 37991
1973, 30992, 36991
1974, 29992, 36990
1975, 29992, 37990
1976, 29992, 36990
1977, 29993, 37991
1978, 30992, 36991
1979, 29992, 37990
1980, 30992, 36990
1981, 29993, 77980
1982, 30992, 37990
1983, 30992, 37990
1984, 29993, 36991
1985, 29992, 36990
1986, 28992, 37990
1987, 28992, 37990
1988, 29993, 37990
1989, 29992, 37991
1990, 30992, 37991
1991, 29993, 37991
1992, 79979, 38989
1993, 29992, 37990
1994, 29992, 37990
1995, 29993, 36991
1996, 29993, 36991
1997, 28992, 37991
1998, 29992, 36991
1999, 29992, 37990
2000, 30992, 37990
2001, 29992, 37990
2002, 29992, 37991
2003, 29992, 37990
2004, 29993, 37990
2005, 29993, 37990
2006, 29992, 37990
2007, 29992, 36991
2008, 29992, 36991
2009, 28992, 37990
2010, 29992, 36991
2011, 29992, 37990
2012, 29992, 37990
2013, 29993, 36991
2014, 29992, 37991
2015, 27993, 36991
2016, 29993, 36991
2017, 29992, 36991
2018, 29992, 36991
2019, 29993, 36991
2020, 29992, 37991
2021, 29992, 37990
2022, 29992, 36990
2023, 30992, 36990
2024, 29992, 38990
2025, 27993, 36990
2026, 30992, 37990
2027, 37991, 36990
2028, 28992, 37991
2029, 33991, 99975
2030, 28993, 36990
2031, 29992, 36991
2032, 29992, 36990
2033, 29992, 37990
2034, 29992, 36990
2035, 29992, 36990
2036, 29992, 37991
2037, 29992, 37990
2038, 30992, 40989
2039, 29992, 37991
2040, 29992, 36990
2041, 34991, 37991
2042, 29992, 36990
2043, 29992, 40989
2044, 29993, 37990
2045, 29992, 36991
2046, 33991, 37990
2047, 30992, 36991
2048, 29992, 45988
2049, 30992, 36991
2050, 29992, 37990
2051, 32991, 37990
2052, 29992, 37990
2053, 28992, 40990
2054, 29992, 78980
2055, 93975, 37990
2056, 29992, 37990
2057, 29992, 36990
2058, 29993, 37991
2059, 29992, 37990
2060, 30992, 38990
2061, 29993, 36991
2062, 29992, 37990
2063, 29992, 36990
2064, 29992, 37990
2065, 29993, 37991
2066, 29992, 36990
2067, 29992, 37990
2068, 29993, 36990
2069, 29993, 37991
2070, 29992, 36991
2071, 29992, 36990
2072, 29992, 37990
2073, 30993, 36991
2074, 30992, 37990
2075, 29992, 42989
2076, 29992, 175955
2077, 35990, 51987
2078, 36991, 48988
2079, 92976, 36991
2080, 29992, 35990
2081, 29992, 37990
2082, 54986, 37990
2083, 28992, 37990
2084, 29992, 50987
2085, 33991, 41989
2086, 32991, 48987
2087, 34991, 37990
2088, 29992, 36991
2089, 30992, 37990
2090, 29992, 50987
2091, 36990, 49988
2092, 34991, 91977
2093, 24994, 535862
2094, 77980, 231940
2095, 24994, 30992
2096, 23994, 31992
2097, 23994, 31991
2098, 41989, 33991
2099, 22994, 50987
2100, 29992, 36991
2101, 29993, 37990
2102, 29992, 36991
2103, 29992, 36990
2104, 30993, 37991
2105, 28993, 37990
2106, 29992, 36990
2107, 29993, 37990
2108, 28993, 37990
2109, 30992, 37991
2110, 30992, 44988
2111, 18996, 24994
2112, 19994, 24993
2113, 19994, 24993
2114, 19994, 24994
2115, 19995, 23994
2116, 18995, 24994
2117, 18995, 23994
2118, 18995, 23994
2119, 19995, 24993
2120, 17996, 23994
2121, 19995, 23993
2122, 18995, 23994
2123, 19995, 113971
2124, 19995, 23994
2125, 19995, 24994
2126, 19995, 23994
2127, 19995, 23994
2128, 18995, 23994
2129, 19995, 23994
2130, 19994, 24993
2131, 19995, 25993
2132, 14997, 18995
2133, 14996, 18995
2134, 14996, 18995
2135, 14996, 18995
2136, 14996, 18996
2137, 14996, 17996
2138, 15996, 18995
2139, 14997, 17995
2140, 13997, 18995
2141, 14996, 17995
2142, 13997, 18995
2143, 14996, 52986
2144, 17996, 22994
2145, 14996, 18995
2146, 14996, 18995
2147, 14996, 18995
2148, 14996, 18996
2149, 14996, 18995
2150, 14997, 18995
2151, 14996, 17995
2152, 14997, 18995
2153, 14996, 18995
2154, 15996, 18995
2155, 14996, 18995
2156, 14997, 18995
2157, 14996, 18995
2158, 14996, 18995
2159, 14996, 18995
2160, 15996, 18995
2161, 15996, 18995
2162, 14996, 18995
2163, 14996, 18995
2164, 14996, 19995
2165, 14996, 18995
2166, 14996, 17995
2167, 15996, 18995
2168, 14996, 18996
2169, 14996, 18995
2170, 14996, 18996
2171, 14996, 17995
2172, 14996, 18995
2173, 14996, 18995
2174, 15996, 18995
2175, 14996, 18995
2176, 14996, 18996
2177, 14996, 18995
2178, 14996, 18995
2179, 14996, 18995
2180, 15996, 18995
2181, 14996, 19994
2182, 15996, 18995
2183, 14997, 50987
2184, 30992, 37990
2185, 29992, 37990
2186, 29993, 37990
2187, 29992, 37990
2188, 30993, 36991
2189, 29992, 37991
2190, 29992, 36990
2191, 29992, 36990
2192, 30992, 36990
2193, 29992, 37990
2194, 30993, 36991
2195, 29992, 37991
2196, 32992, 37990
2197, 30992, 36990
2198, 29993, 37990
2199, 29992, 36990
2200, 29993, 37990
2201, 29992, 37991
2202, 30992, 37990
2203, 29993, 37991
2204, 29992, 37990
2205, 29993, 36990
2206, 30992, 36990
2207, 29993, 37991
2208, 29992, 37990
2209, 29993, 37990
2210, 30992, 36991
2211, 29993, 72982
2212, 29992, 38990
2213, 29992, 37990
2214, 29993, 80980
2215, 30992, 37990
2216, 30992, 37991
2217, 29992, 36990
2218, 29992, 37990
2219, 29993, 37990
2220, 30992, 37990
2221, 29993, 37990
2222, 30992, 47988
2223, 41989, 44989
2224, 29993, 37990
2225, 29993, 37990
2226, 29992, 37990
2227, 29992, 36990
2228, 30992, 38990
2229, 29993, 53986
2230, 42989, 36990
2231, 27993, 37990
2232, 30992, 36991
2233, 34991, 37990
2234, 29993, 37991
2235, 29992, 36990
2236, 30992, 37991
2237, 29992, 36991
2238, 30992, 37990
2239, 29992, 36991
2240, 29993, 37991
2241, 29992, 36990
2242, 30992, 37991
2243, 29992, 37990
2244, 29992, 37990
2245, 29992, 37990
2246, 29992, 37990
2247, 29993, 37990
2248, 29992, 37990
2249, 29992, 37990
2250, 29992, 37990
2251, 27993, 37990
2252, 29993, 37991
2253, 64983, 37990
2254, 29992, 44989
2255, 30992, 36991
2256, 29993, 47988
2257, 33991, 37990
2258, 30992, 139964
2259, 37990, 37990
2260, 30992, 37990
2261, 29992, 37990
2262, 29993, 37991
2263, 29992, 37990
2264, 30992, 36990
2265, 29992, 37990
2266, 29993, 37991
2267, 29992, 38990
2268, 29993, 37991
2269, 29992, 37990
2270, 29992, 41989
2271, 29992, 36991
2272, 29992, 37991
2273, 30992, 36990
2274, 29992, 38990
2275, 29993, 37990
2276, 30992, 37990
2277, 29992, 36990
2278, 29992, 36990
2279, 29993, 37991
2280, 29992, 37990
2281, 29992, 36991
2282, 30992, 36990
2283, 29992, 36990
2284, 29992, 37990
2285, 29993, 37991
2286, 26994, 24993
2287, 18995, 23993
2288, 18995, 23993
2289, 19995, 23993
2290, 19995, 26994
2291, 19995, 24993
2292, 19995, 37991
2293, 19995, 23994
2294, 19995, 181953
2295, 39990, 31992
2296, 23994, 30992
2297, 19995, 23994
2298, 22994, 24994
2299, 18995, 24994
2300, 19995, 26993
2301, 19995, 24993
2302, 19995, 48988
2303, 29992, 37990
2304, 29993, 69982
2305, 29992, 37990
2306, 29993, 37991
2307, 29992, 37990
2308, 27992, 37990
2309, 29992, 37990
2310, 49988, 37991
2311, 30992, 37990
2312, 28992, 37990
2313, 29992, 37990
2314, 29993, 36991
2315, 29992, 36990
2316, 29992, 37990
2317, 29993, 36991
2318, 29992, 37990
2319, 30992, 37990
2320, 30992, 36990
2321, 29992, 37991
2322, 28993, 36990
2323, 29993, 37990
2324, 30992, 37990
2325, 29992, 36990
2326, 29993, 37990
2327, 29992, 37990
2328, 30993, 36991
2329, 29992, 37990
2330, 27993, 37990
2331, 29993, 37991
2332, 29992, 36990
2333, 29992, 37990
2334, 27993, 37990
2335, 29993, 37991
2336, 29992, 37991
2337, 29992, 36990
2338, 30992, 37991
2339, 29992, 37990
2340, 29992, 37990
2341, 29993, 37991
2342, 29993, 36990
2343, 29993, 36990
2344, 29992, 37990
2345, 29993, 36991
2346, 29992, 36991
2347, 30992, 37990
2348, 29992, 37990
2349, 29992, 37990
2350, 30992, 37990
2351, 29992, 37990
2352, 29992, 37990
2353, 29993, 37990
2354, 29992, 36990
2355, 29992, 45988
2356, 27993, 151961
2357, 34991, 37990
2358, 29992, 60985
2359, 30992, 37990
2360, 30992, 36991
2361, 30992, 37990
2362, 29993, 37990
2363, 29993, 37991
2364, 29992, 37990
2365, 29992, 37990
2366, 30992, 37991
2367, 30992, 37990
2368, 30992, 36990
2369, 29992, 37990
2370, 29993, 48987
2371, 19995, 24994
2372, 19995, 23994
2373, 19995, 24994
2374, 19995, 23994
2375, 18995, 23994
2376, 18995, 23994
2377, 18995, 61984
2378, 19995, 23994
2379, 19995, 24994
2380, 18995, 25993
2381, 23993, 32991
2382, 20995, 23994
2383, 19995, 23994
2384, 18995, 24994
2385, 19995, 23994
2386, 18995, 24993
2387, 18995, 23994
2388, 18995, 24994
2389, 19995, 23994
2390, 19995, 24994
2391, 18995, 23994
2392, 18996, 23994
2393, 18995, 23994
2394, 19995, 24994
2395, 17995, 23994
2396, 19995, 24993
2397, 19995, 23994
2398, 19995, 23994
2399, 18996, 23993
2400, 19994, 24993
2401, 51986, 23993
2402, 19994, 24993
2403, 19995, 23994
2404, 17995, 24994
2405, 19995, 23994
2406, 35991, 17995
2407, 15996, 18996
2408, 14996, 18995
2409, 15996, 18995
2410, 14996, 18995
2411, 14996, 19995
2412, 14996, 18995
2413, 14996, 18995
2414, 14996, 18995
2415, 14997, 17995
2416, 14996, 17995
2417, 14997, 18995
2418, 14996, 18995
2419, 14996, 18995
2420, 14996, 18996
2421, 14996, 18995
2422, 15995, 18995
2423, 14997, 19995
2424, 14996, 18995
2425, 14996, 18995
2426, 14996, 18995
2427, 15996, 18995
2428, 24994, 18995
2429, 14996, 19995
2430, 13996, 18995
2431, 14996, 18995
2432, 14996, 18995
2433, 14996, 18996
2434, 14996, 18995
2435, 14997, 18995
2436, 14996, 18995
2437, 14996, 18995
2438, 14996, 18995
2439, 14996, 18995
2440, 14996, 18996
2441, 14996, 18995
2442, 14996, 26993
2443, 18995, 23994
2444, 34991, 18995
2445, 14996, 18995
2446, 13996, 18995
2447, 14996, 29993
2448, 15996, 18995
2449, 14996, 18995
2450, 14996, 18995
2451, 16995, 19995
2452, 11997, 14996
2453, 12997, 15996
2454, 11997, 15996
2455, 11996, 15996
2456, 11997, 26993
2457, 12997, 14996
2458, 11997, 14996
2459, 11997, 15996
2460, 11997, 14996
2461, 12997, 25993
2462, 11996, 14996
2463, 11997, 15996
2464, 11997, 14996
2465, 12997, 15996
2466, 11997, 23994
2467, 11997, 14996
2468, 12996, 15996
2469, 11997, 14996
2470, 11997, 14996
2471, 12997, 35991
2472, 11997, 15996
2473, 11997, 14996
2474, 12997, 14996
2475, 12997, 15996
2476, 11997, 20995
2477, 10997, 15996
2478, 11997, 14996
2479, 12996, 15995
2480, 11997, 15996
2481, 12997, 20994
2482, 11997, 14996
2483, 11997, 14996
2484, 11997, 15995
2485, 11997, 14996
2486, 34991, 14996
2487, 11997, 14996
2488, 11997, 15996
2489, 22994, 17995
2490, 11997, 26993
2491, 11997, 14997
2492, 11997, 14997
2493, 12997, 15996
2494, 11997, 14996
2495, 11997, 19994
2496, 11997, 14996
2497, 11997, 14996
2498, 11997, 14996
2499, 12997, 14996
2500, 11996, 21995
2501, 12996, 15996
2502, 11997, 14996
2503, 11997, 14996
2504, 11997, 15996
2505, 11997, 77980
2506, 40989, 14996
2507, 11997, 14996
2508, 12997, 15996
2509, 11997, 14997
2510, 12996, 14996
2511, 12996, 15995
2512, 11997, 15996
2513, 11997, 14997
2514, 12997, 15996
2515, 11997, 15996
2516, 12997, 14996
2517, 12997, 14996
2518, 11997, 14996
2519, 11997, 14996
2520, 12997, 15996
2521, 11997, 15996
2522, 11997, 15995
2523, 11997, 14996
2524, 11997, 14996
2525, 11997, 14996
2526, 11997, 14996
2527, 34991, 21994
2528, 14996, 17995
2529, 14996, 20995
2530, 14996, 19995
2531, 12997, 15996
2532, 11997, 14996
2533, 12997, 14996
2534, 12997, 15996
2535, 11997, 15996
2536, 11997, 15996
2537, 11996, 15996
2538, 11997, 14996
2539, 11997, 14996
2540, 12997, 14996
2541, 12997, 14996
2542, 12997, 15996
2543, 11997, 15996
2544, 10997, 15996
2545, 11997, 15996
2546, 11997, 14996
2547, 12997, 37990
2548, 30992, 51986
2549, 11996, 14996
2550, 11997, 14996
2551, 11997, 14996
2552, 12997, 14996
2553, 11997, 14996
2554, 12997, 15996
2555, 11997, 14996
2556, 11997, 14996
2557, 12996, 14996
2558, 11997, 14996
2559, 12996, 15996
2560, 11997, 15996
2561, 11997, 14996
2562, 11997, 14996
2563, 11997, 14996
2564, 12997, 14996
2565, 11996, 14996
2566, 12996, 15995
2567, 11997, 15996
2568, 11997, 15996
2569, 11997, 15996
2570, 12997, 15996
2571, 11997, 15996
2572, 11997, 14996
2573, 11997, 15996
2574, 12997, 15996
2575, 11997, 15996
2576, 44988, 17995
2577, 12997, 18995
2578, 12997, 17995
2579, 84979, 14996
2580, 11997, 14996
2581, 12997, 15996
2582, 11997, 14996
2583, 12996, 15996
2584, 11997, 15996
2585, 11997, 14996
2586, 11997, 14996
2587, 40989, 37991
2588, 27993, 37991
2589, 29992, 37990
2590, 30992, 37990
2591, 29992, 37991
2592, 29993, 70982
2593, 30992, 37991
2594, 30992, 37990
2595, 29993, 37990
2596, 29992, 37991
2597, 29992, 37990
2598, 28993, 36990
2599, 29993, 37990
2600, 29992, 37990
2601, 29992, 40989
2602, 29992, 37990
2603, 29993, 36991
2604, 29992, 36991
2605, 29992, 37990
2606, 28992, 37991
2607, 30992, 37990
2608, 28992, 36990
2609, 29992, 37990
2610, 29993, 36991
2611, 29992, 36990
2612, 29992, 37990
2613, 29992, 37991
2614, 29992, 37990
2615, 30992, 37990
2616, 30992, 37991
2617, 29992, 36990
2618, 29992, 37990
2619, 30992, 37990
2620, 29993, 36991
2621, 29992, 55985
2622, 30992, 36990
2623, 29992, 37990
2624, 28992, 37990
2625, 29992, 37990
2626, 29992, 37991
2627, 30992, 37990
2628, 29992, 36990
2629, 29993, 37990
2630, 29992, 37990
2631, 29992, 37991
2632, 29992, 37991
2633, 30992, 36990
2634, 29992, 36990
2635, 29992, 37990
2636, 29993, 37991
2637, 30992, 37990
2638, 30992, 36990
2639, 30992, 37991
2640, 29992, 37990
2641, 30992, 55985
2642, 29992, 38990
2643, 29993, 36990
2644, 30992, 37990
2645, 30992, 36990
2646, 29993, 37990
2647, 29992, 38990
2648, 30992, 37990
2649, 29992, 37990
2650, 29992, 37990
2651, 29992, 37991
2652, 30992, 48988
2653, 29992, 37991
2654, 29992, 36990
2655, 30993, 36991
2656, 29992, 56986
2657, 27993, 37990
2658, 29992, 37990
2659, 29992, 36991
2660, 29992, 37990
2661, 32991, 36990
2662, 29993, 36991
2663, 32992, 49987
2664, 30992, 40989
2665, 28993, 36990
2666, 67983, 37990
2667, 30992, 40989
2668, 28992, 37990
2669, 30992, 36991
2670, 29993, 37991
2671, 29992, 37990
2672, 29992, 37990
2673, 29993, 37991
2674, 29992, 36991
2675, 29992, 37990
2676, 29992, 37990
2677, 29993, 36990
2678, 29992, 37990
2679, 29993, 37991
2680, 27993, 37991
2681, 29992, 36991
2682, 29992, 37990
2683, 29992, 37990
2684, 29992, 37990
2685, 29992, 37991
2686, 29992, 37990
2687, 29992, 37990
2688, 29992, 37991
2689, 30992, 37990
2690, 29992, 37990
2691, 29992, 36991
2692, 29992, 37990
2693, 27993, 36991
2694, 29992, 36991
2695, 29992, 35991
2696, 29993, 37991
2697, 29992, 37990
2698, 29992, 37990
2699, 30993, 37991
2700, 27993, 36990
2701, 29993, 36991
2702, 29993, 38990
2703, 28992, 36990
2704, 29992, 36991
2705, 29993, 37991
2706, 27993, 36991
2707, 29992, 37990
2708, 29992, 37991
2709, 28993, 37991
2710, 30992, 36991
2711, 29992, 37991
2712, 29992, 36991
2713, 30992, 38990
2714, 29992, 37990
2715, 29992, 37990
2716, 34991, 37990
2717, 30992, 36990
2718, 30992, 40990
2719, 29993, 36990
2720, 29993, 37991
2721, 34991, 48987
2722, 30992, 36991
2723, 29993, 37991
2724, 29992, 37990
2725, 29992, 36990
2726, 46988, 24993
2727, 19995, 24994
2728, 19995, 23994
2729, 27993, 24993
2730, 18995, 23994
2731, 19995, 23994
2732, 19995, 26993
2733, 19995, 24994
2734, 19995, 24994
2735, 19995, 54986
2736, 24994, 30992
2737, 36990, 25993
2738, 19995, 24994
2739, 19995, 24994
2740, 19995, 39990
2741, 20995, 24994
2742, 19995, 24994
2743, 19995, 24994
2744, 18995, 23994
2745, 18995, 24994
2746, 19995, 25993
2747, 19995, 23994
2748, 18995, 24993
2749, 19995, 23994
2750, 18995, 23994
2751, 19995, 24994
2752, 19995, 23994
2753, 19995, 23994
2754, 19995, 24993
2755, 19995, 23994
2756, 18995, 31992
2757, 19995, 24994
2758, 18995, 23994
2759, 18995, 23994
2760, 19995, 24994
2761, 19995, 23994
2762, 19995, 24994
2763, 19995, 24994
2764, 18995, 24994
2765, 19995, 68983
2766, 23994, 59984
2767, 29993, 36990
2768, 29993, 37991
2769, 235939, 42989
2770, 18995, 23994
2771, 18995, 23994
2772, 18996, 24994
2773, 19995, 26993
2774, 19995, 24994
2775, 19995, 24994
2776, 18995, 23994
2777, 19995, 24993
2778, 19995, 23994
2779, 19995, 24993
2780, 19995, 23993
2781, 18995, 23993
2782, 19995, 24994
2783, 19995, 57985
2784, 19995, 24994
2785, 18995, 24994
2786, 19995, 24994
2787, 18995, 23994
2788, 19994, 24993
2789, 19995, 24993
2790, 19995, 23994
2791, 18995, 23994
2792, 18995, 23994
2793, 18995, 23994
2794, 18995, 23994
2795, 18995, 23994
2796, 19995, 24994
2797, 19995, 24994
2798, 19995, 23994
2799, 19995, 23994
2800, 19995, 23994
2801, 18995, 23994
2802, 18995, 23994
2803, 18995, 24994
2804, 19995, 24994
2805, 19995, 40989
2806, 15996, 18995
2807, 15996, 18996
2808, 13996, 18995
2809, 14996, 18996
2810, 14996, 18995
2811, 14996, 18995
2812, 14997, 18995
2813, 13996, 18995
2814, 15996, 18995
2815, 14996, 18996
2816, 17995, 18995
2817, 14996, 18996
2818, 14996, 18995
2819, 14996, 18995
2820, 14997, 18995
2821, 14997, 18995
2822, 14996, 18995
2823, 14996, 18995
2824, 14996, 18995
2825, 15996, 18995
2826, 14996, 18995
2827, 14997, 18995
2828, 13997, 18995
2829, 14997, 18995
2830, 14997, 31992
2831, 14996, 17996
2832, 14996, 18995
2833, 14996, 17995
2834, 14997, 18996
2835, 14996, 18995
2836, 14996, 18995
2837, 14997, 18995
2838, 14996, 18995
2839, 14996, 18995
2840, 14996, 18996
2841, 14996, 18995
2842, 14996, 18995
2843, 14997, 18995
2844, 14996, 17995
2845, 14996, 17996
2846, 14996, 18996
2847, 14996, 19995
2848, 14996, 18995
2849, 14996, 18995
2850, 14996, 18995
2851, 14996, 18995
2852, 14996, 18996
2853, 14996, 18995
2854, 29992, 14996
2855, 21994, 15995
2856, 11997, 14996
2857, 12997, 14996
2858, 11997, 14996
2859, 12997, 14996
2860, 11997, 14997
2861, 11996, 14997
2862, 12997, 14996
2863, 11997, 15996
2864, 11997, 15996
2865, 11997, 15996
2866, 11997, 15996
2867, 11997, 14996
2868, 11997, 14996
2869, 12997, 14996
2870, 11997, 15996
2871, 11997, 53986
2872, 11997, 14996
2873, 12996, 22994
2874, 19995, 24994
2875, 12997, 15996
2876, 11997, 14996
2877, 12997, 15996
2878, 11997, 14996
2879, 12996, 14996
2880, 11997, 15996
2881, 11997, 15996
2882, 11997, 15996
2883, 11997, 14996
2884, 11997, 14996
2885, 12997, 15996
2886, 11997, 15996
2887, 11997, 14996
2888, 12996, 15995
2889, 11997, 14996
2890, 11997, 14996
2891, 11997, 15996
2892, 11997, 14996
2893, 12996, 15995
2894, 11997, 14996
2895, 11996, 14997
2896, 12997, 15996
2897, 11997, 14996
2898, 12997, 14996
2899, 11997, 15996
2900, 11997, 15996
2901, 11997, 23994
2902, 11997, 14996
2903, 11997, 14996
2904, 11997, 14996
2905, 11997, 14996
2906, 12997, 14996
2907, 12997, 15996
2908, 11996, 15996
2909, 11997, 15995
2910, 11997, 14997
2911, 12996, 14997
2912, 12997, 14996
2913, 12997, 15996
2914, 11997, 15996
2915, 12997, 14996
2916, 11996, 15996
2917, 11997, 14996
2918, 11997, 14996
2919, 11997, 14996
2920, 11997, 14996
2921, 12997, 15996
2922, 11997, 15996
2923, 11997, 15996
2924, 11997, 14996
2925, 12997, 15996
2926, 11997, 14996
2927, 11997, 14997
2928, 11997, 14996
2929, 11997, 14996
2930, 11997, 15996
2931, 11997, 14996
2932, 19995, 15996
2933, 11997, 15996
2934, 11997, 15996
2935, 11997, 14996
2936, 12996, 14996
2937, 11997, 14997
2938, 12996, 15996
2939, 11997, 14996
2940, 11997, 14996
2941, 12997, 15996
2942, 11997, 14997
2943, 11996, 14997
2944, 12997, 14996
2945, 11997, 15996
2946, 11997, 15996
2947, 11997, 14996
2948, 11997, 14996
2949, 11997, 14996
2950, 11997, 16996
2951, 11997, 16995
2952, 11997, 14996
2953, 29992, 36990
2954, 28992, 36990
2955, 29992, 37990
2956, 29993, 37990
2957, 28993, 37990
2958, 29992, 36990
2959, 29993, 37990
2960, 30992, 37990
2961, 30992, 36991
2962, 29993, 37991
2963, 29992, 37990
2964, 29992, 37990
2965, 29992, 37990
2966, 30992, 36991
2967, 29993, 36990
2968, 29992, 37990
2969, 29992, 37990
2970, 30992, 36990
2971, 29993, 40990
2972, 29992, 37990
2973, 32991, 38990
2974, 29993, 37990
2975, 29992, 37990
2976, 30992, 36990
2977, 29992, 37990
2978, 29992, 37990
2979, 29993, 37991
2980, 29992, 36991
2981, 29992, 36990
2982, 30992, 38990
2983, 30992, 36991
2984, 29992, 37990
2985, 29992, 37990
2986, 29992, 37990
2987, 29993, 37991
2988, 28993, 37990
2989, 28992, 37990
2990, 28992, 37990
2991, 27993, 38990
2992, 30992, 37990
2993, 30992, 37991
2994, 30992, 36991
2995, 30992, 71981
2996, 87978, 38990
2997, 29992, 37990
2998, 29992, 37990
2999, 29993, 37991
3000, 30992, 36991
3001, 29993, 58985
3002, 32991, 39989
3003, 29992, 65983
3004, 30992, 36991
3005, 29992, 37990
3006, 29993, 37991
3007, 30992, 36990
3008, 29993, 37991
3009, 30992, 36991
3010, 29992, 37990
3011, 28993, 37990
3012, 29992, 37990
3013, 29992, 37990
3014, 29993, 36991
3015, 29992, 38990
3016, 29992, 36990
3017, 28993, 36990
3018, 29992, 37990
3019, 29993, 36991
3020, 29992, 37990
3021, 30992, 38990
3022, 29992, 36990
3023, 89977, 46988
3024, 30992, 63984
3025, 49987, 52986
3026, 43989, 57985
3027, 42989, 53986
3028, 28992, 36990
3029, 30992, 37991
3030, 30992, 37990
3031, 140964, 38990
3032, 29992, 37990
3033, 29993, 37990
3034, 29992, 37990
3035, 30992, 37990
3036, 29993, 37991
3037, 29992, 37990
3038, 30992, 58985
3039, 29992, 37991
3040, 30992, 36991
3041, 28992, 36991
3042, 29992, 37990
3043, 29992, 37990
3044, 30992, 37990
3045, 29992, 37990
3046, 29992, 37990
3047, 29992, 37991
3048, 30992, 37990
3049, 30992, 37990
3050, 28993, 36991
3051, 30992, 37990
3052, 30992, 37990
3053, 28993, 37990
3054, 29993, 37991
3055, 29992, 37990
3056, 29992, 36990
3057, 29992, 37990
3058, 29992, 37990
3059, 29992, 36990
3060, 29992, 36991
3061, 29992, 37990
3062, 27993, 37991
3063, 29992, 37990
3064, 29992, 36990
3065, 29992, 37990
3066, 29993, 36991
3067, 27993, 37990
3068, 29992, 37990
3069, 29992, 37990
3070, 29992, 37990
3071, 29993, 36991
3072, 29992, 37990
3073, 29992, 37990
3074, 27993, 54986
3075, 29993, 36991
3076, 29992, 37990
3077, 33991, 41989
3078, 35991, 37990
3079, 30992, 37990
3080, 28992, 36990
3081, 29992, 36991
3082, 29993, 36991
3083, 29992, 36990
3084, 29992, 37990
3085, 29993, 36991
3086, 30992, 36990
3087, 29992, 37990
3088, 29992, 37990
3089, 29992, 38990
3090, 30992, 36991
3091, 29993, 36991
3092, 30992, 38990
3093, 29992, 37990
3094, 29992, 37990
3095, 29993, 36991
3096, 29992, 37990
3097, 30992, 78980
3098, 29993, 37991
3099, 29992, 37990
3100, 29992, 37990
3101, 29993, 37991
3102, 30992, 37990
3103, 29992, 37990
3104, 29992, 36990
3105, 29993, 36991
3106, 28993, 36991
3107, 29992, 36990
3108, 29992, 36990
3109, 30992, 37990
3110, 29992, 36990
3111, 27993, 36991
3112, 28992, 36990
3113, 29992, 37990
3114, 29993, 37990
3115, 29992, 37990
3116, 30992, 37990
3117, 33991, 38990
3118, 29992, 37990
3119, 29993, 37990
3120, 30992, 37990
3121, 30992, 36990
3122, 29992, 37990
3123, 29992, 37990
3124, 29993, 38990
3125, 29992, 37990
3126, 29993, 37991
3127, 29993, 36991
3128, 29992, 37990
3129, 29992, 37990
3130, 29993, 36991
3131, 28993, 36991
3132, 29992, 37990
3133, 30992, 37990
3134, 30992, 38990
3135, 29992, 36990
3136, 29992, 37990
3137, 81979, 38990
3138, 29992, 36991
3139, 19995, 23994
3140, 19995, 24994
3141, 18995, 23994
3142, 19995, 24994
3143, 19995, 24994
3144, 18995, 23994
3145, 19995, 24994
3146, 19995, 24994
3147, 19995, 23994
3148, 18995, 23994
3149, 19995, 24994
3150, 18995, 24994
3151, 19995, 24994
3152, 18995, 23994
3153, 19995, 24994
3154, 18995, 23994
3155, 19995, 23993
3156, 19994, 24993
3157, 18996, 23994
3158, 19995, 24994
3159, 19995, 24993
3160, 18995, 23994
3161, 19995, 23994
3162, 18995, 87978
3163, 19995, 23994
3164, 18995, 23994
3165, 19995, 37990
3166, 19994, 24993
3167, 19995, 24993
3168, 18996, 24994
3169, 19995, 23994
3170, 19995, 24994
3171, 27993, 115970
3172, 19995, 23994
3173, 18995, 39990
3174, 18995, 26993
3175, 17996, 23994
3176, 15996, 24993
3177, 16996, 24994
3178, 18995, 22994
3179, 17996, 23994
3180, 35991, 20994
3181, 37990, 20994
3182, 14996, 18995
3183, 14996, 21994
3184, 15996, 18996
3185, 15996, 17996
3186, 14996, 18996
3187, 13996, 18996
3188, 14996, 18995
3189, 14996, 17996
3190, 14996, 18995
3191, 14996, 18995
3192, 14996, 18995
3193, 14997, 18995
3194, 14996, 18995
3195, 21994, 24994
3196, 16996, 23994
3197, 18995, 18995
3198, 14996, 18995
3199, 14997, 17995
3200, 14996, 18995
3201, 14996, 18995
3202, 14996, 17996
3203, 14996, 18995
3204, 14996, 17996
3205, 14996, 20995
3206, 15996, 18995
3207, 14996, 18995
3208, 14996, 18995
3209, 14997, 17995
3210, 15996, 17995
3211, 14996, 18995
3212, 14996, 18995
3213, 14996, 18995
3214, 14996, 18995
3215, 14997, 14996
3216, 11997, 14996
3217, 11997, 15996
3218, 11997, 15996
3219, 11997, 14996
3220, 11997, 15996
3221, 11996, 14997
3222, 11997, 14996
3223, 12997, 14996
3224, 11997, 15996
3225, 11997, 14996
3226, 12997, 14996
3227, 12997, 14996
3228, 11997, 15996
3229, 12996, 14997
3230, 12997, 15996
3231, 11997, 14996
3232, 11997, 15996
3233, 11997, 15996
3234, 11997, 15996
3235, 11997, 14996
3236, 12997, 15996
3237, 11997, 14997
3238, 12997, 14996
3239, 11997, 15996
3240, 11997, 37990
3241, 11997, 28993
3242, 11997, 15996
3243, 11997, 14996
3244, 12997, 14996
3245, 11997, 14996
3246, 11997, 19995
3247, 12997, 15996
3248, 11997, 22994
3249, 13996, 15996
3250, 11997, 14996
3251, 12997, 17995
3252, 11997, 15996
3253, 20994, 26993
3254, 17995, 25993
3255, 17995, 23994
3256, 31992, 14996
3257, 11997, 14996
3258, 12996, 14996
3259, 11997, 15995
3260, 10997, 14997
3261, 11997, 14996
3262, 11997, 14996
3263, 12997, 14996
3264, 12997, 15996
3265, 11997, 14996
3266, 11997, 15996
3267, 11997, 14996
3268, 11997, 14996
3269, 12996, 14996
3270, 12996, 14996
3271, 11997, 15996
3272, 11996, 15995
3273, 11997, 14996
3274, 11997, 14997
3275, 12997, 14996
3276, 11997, 14996
3277, 11997, 14996
3278, 11997, 14996
3279, 11997, 15996
3280, 10997, 14996
3281, 11997, 15996
3282, 11997, 14996
3283, 11997, 15996
3284, 10997, 15995
3285, 11997, 14996
3286, 11997, 14996
3287, 11997, 33991
3288, 29993, 37991
3289, 29992, 37990
3290, 29992, 37990
3291, 30992, 37990
3292, 29993, 37990
3293, 29993, 37991
3294, 29992, 36990
3295, 29993, 37991
3296, 29992, 37990
3297, 29992, 37990
3298, 19995, 24994
3299, 18995, 40989
3300, 29993, 36991
3301, 29992, 36990
3302, 29992, 36990
3303, 29992, 37990
3304, 30992, 36991
3305, 29992, 38990
3306, 29992, 37990
3307, 29993, 37991
3308, 29992, 36990
3309, 29992, 38990
3310, 29992, 37990
3311, 29992, 37990
3312, 29993, 37991
3313, 29992, 36991
3314, 62984, 24993
3315, 19995, 24994
3316, 18995, 23994
3317, 18995, 24994
3318, 19995, 23994
3319, 19995, 25993
3320, 19994, 22994
3321, 19995, 23994
3322, 19995, 24994
3323, 19995, 24994
3324, 19995, 23993
3325, 19994, 23994
3326, 18995, 23994
3327, 18995, 50987
3328, 29993, 37991
3329, 19995, 24993
3330, 18995, 24994
3331, 19995, 24994
3332, 18995, 23994
3333, 19995, 23994
3334, 19995, 24994
3335, 19995, 24994
3336, 19995, 22994
3337, 18995, 23994
3338, 18995, 24994
3339, 19995, 24994
3340, 19995, 23994
3341, 17995, 24993
3342, 19995, 36990
3343, 18995, 23994
3344, 19995, 23994
3345, 19995, 23994
3346, 19995, 24994
3347, 19995, 24994
3348, 19995, 23994
3349, 18995, 23994
3350, 19995, 23994
3351, 19995, 23994
3352, 19995, 24994
3353, 19995, 24994
3354, 19995, 24993
3355, 19994, 25993
3356, 19995, 23993
3357, 19994, 24993
3358, 19995, 23994
3359, 18995, 24994
3360, 19995, 24993
3361, 19994, 24993
3362, 19994, 23994
3363, 18995, 24993
3364, 19995, 23994
3365, 18995, 24994
3366, 19995, 24994
3367, 18995, 23994
3368, 19995, 24994
3369, 19995, 23993
3370, 18995, 23994
3371, 18995, 23994
3372, 19995, 24993
3373, 22994, 41989
3374, 29992, 37990
3375, 29993, 36991
3376, 29992, 36990
3377, 29992, 36991
3378, 29993, 36991
3379, 30992, 37990
3380, 28993, 37991
3381, 29992, 37990
3382, 29992, 37990
3383, 27993, 37990
3384, 29992, 37990
3385, 29993, 37991
3386, 30992, 36991
3387, 29992, 37990
3388, 29992, 37990
3389, 30992, 37991
3390, 30992, 37990
3391, 29992, 37990
3392, 30992, 36991
3393, 48988, 37991
3394, 29992, 38990
3395, 29992, 37990
3396, 27993, 37991
3397, 30992, 37990
3398, 29992, 37990
3399, 30992, 37990
3400, 78980, 39990
3401, 35991, 96975
3402, 29992, 36990
3403, 30992, 37990
3404, 29992, 37990
3405, 29993, 38990
3406, 30992, 36990
3407, 30992, 36991
3408, 29992, 36990
3409, 29992, 36990
3410, 30992, 37990
3411, 30992, 37991
3412, 28993, 36991
3413, 29992, 36990
3414, 29992, 37990
3415, 30992, 36991
3416, 200948, 37990
3417, 30992, 37990
3418, 29993, 37990
3419, 29992, 37990
3420, 29992, 37990
3421, 29992, 37991
3422, 29992, 37990
3423, 29992, 37990
3424, 29992, 36991
3425, 30992, 37990
3426, 29993, 36991
3427, 29992, 36990
3428, 29992, 37990
3429, 30993, 37991
3430, 29992, 37990
3431, 29992, 37990
3432, 29993, 37991
3433, 29992, 37990
3434, 29992, 36991
3435, 29992, 37990
3436, 29993, 37991
3437, 29992, 37990
3438, 144963, 38990
3439, 29993, 38990
3440, 35990, 38990
3441, 148962, 41989
3442, 29993, 62984
3443, 53986, 52986
3444, 28992, 37990
3445, 29992, 37990
3446, 19994, 24993
3447, 19994, 40989
3448, 24994, 31992
3449, 24993, 24994
3450, 18995, 23994
3451, 18995, 23994
3452, 24994, 24994
3453, 19994, 24993
3454, 19994, 23994
3455, 39990, 24994
3456, 18995, 28992
3457, 19995, 24993
3458, 22994, 24994
3459, 22994, 23994
3460, 18995, 23994
3461, 50987, 24994
3462, 19994, 23994
3463, 18995, 23994
3464, 27993, 24994
3465, 18995, 24994
3466, 19995, 24993
3467, 19995, 24994
3468, 18995, 23994
3469, 19995, 23994
3470, 19995, 47988
3471, 19995, 24993
3472, 19995, 24994
3473, 19995, 24994
3474, 29992, 24993
3475, 19995, 23993
3476, 19994, 24993
3477, 33991, 24994
3478, 18996, 36990
3479, 14996, 18995
3480, 14997, 37990
3481, 57985, 18995
3482, 14997, 57985
3483, 13996, 18995
3484, 14996, 23994
3485, 14997, 18995
3486, 14996, 18995
3487, 13997, 18995
3488, 14996, 165957
3489, 15996, 18996
3490, 14996, 17996
3491, 14996, 18995
3492, 14997, 18995
3493, 14996, 18995
3494, 14996, 18995
3495, 14996, 18996
3496, 14996, 18995
3497, 14996, 18995
3498, 14997, 27993
3499, 14996, 18996
3500, 14996, 18995
3501, 27992, 19995
3502, 14996, 18995
3503, 14996, 19994
3504, 14996, 18995
3505, 14996, 18995
3506, 15996, 18995
3507, 14996, 18995
3508, 14996, 18995
3509, 14996, 18996
3510, 14996, 19995
3511, 14996, 18995
3512, 14996, 19994
3513, 14996, 18995
3514, 14996, 18995
3515, 14996, 18995
3516, 14997, 18995
3517, 14996, 18995
3518, 14996, 18995
3519, 14996, 18996
3520, 14996, 18995
3521, 12997, 14996
3522, 11997, 15996
3523, 11997, 17995
3524, 11997, 15996
3525, 11997, 14996
3526, 12996, 15996
3527, 11997, 14996
3528, 11997, 14996
3529, 11997, 15996
3530, 11997, 15996
3531, 12997, 14996
3532, 11997, 14996
3533, 11997, 15996
3534, 11997, 15996
3535, 11996, 15996
3536, 11997, 14996
3537, 11997, 14996
3538, 12997, 14996
3539, 10997, 14996
3540, 11997, 14996
3541, 11997, 15996
3542, 11997, 14996
3543, 11997, 14996
3544, 12996, 15995
3545, 11997, 14996
3546, 11997, 14997
3547, 12997, 14996
3548, 11997, 15996
3549, 11997, 14996
3550, 11997, 14996
3551, 12996, 15996
3552, 10998, 14996
3553, 11997, 14997
3554, 12996, 14997
3555, 11997, 15996
3556, 11997, 14996
3557, 11997, 14996
3558, 12997, 14996
3559, 11997, 14996
3560, 11997, 15996
3561, 11997, 14996
3562, 11997, 15996
3563, 10997, 14996
3564, 11997, 14996
3565, 12997, 14996
3566, 11997, 14996
3567, 11997, 15996
3568, 11997, 14996
3569, 11997, 15996
3570, 11997, 15996
3571, 11996, 14997
3572, 11997, 15995
3573, 10998, 22995
3574, 11997, 14996
3575, 11997, 14996
3576, 12997, 14996
3577, 12997, 15996
3578, 11997, 15996
3579, 11997, 14996
3580, 11997, 15996
3581, 11997, 14996
3582, 11997, 14996
3583, 11997, 14997
3584, 11996, 15996
3585, 11997, 14996
3586, 11997, 14996
3587, 12997, 14996
3588, 12997, 14996
3589, 12997, 15996
3590, 11996, 14996
3591, 11997, 14996
3592, 11997, 14997
3593, 12996, 14996
3594, 11997, 14996
3595, 11997, 14996
3596, 11997, 14996
3597, 11997, 15996
3598, 11997, 13996
3599, 12997, 14996
3600, 11997, 15996
3601, 11996, 14997
3602, 11997, 14996
3603, 11997, 14996
3604, 12997, 15996
3605, 10997, 15996
3606, 11997, 14996
3607, 11997, 14996
3608, 11997, 14996
3609, 12997, 14996
3610, 11997, 15996
3611, 11997, 14997
3612, 11996, 14997
3613, 12997, 14996
3614, 52987, 15995
3615, 11997, 14996
3616, 11997, 15996
3617, 11997, 14996
3618, 11997, 15996
3619, 10997, 14996
3620, 11997, 15996
3621, 11997, 15996
3622, 11997, 14996
3623, 12996, 14997
3624, 11997, 14997
3625, 11997, 14996
3626, 11997, 14996
3627, 11997, 15996
3628, 11997, 14996
3629, 11997, 14996
3630, 11997, 15996
3631, 11997, 14996
3632, 12996, 15996
3633, 11997, 14996
3634, 14997, 15996
3635, 11997, 14996
3636, 12996, 15995
3637, 11997, 14997
3638, 11996, 13997
3639, 12996, 15995
3640, 11997, 14996
3641, 12997, 14996
3642, 11997, 14996
3643, 11997, 14996
3644, 12997, 14996
3645, 11997, 15996
3646, 11996, 14997
3647, 12997, 14996
3648, 11997, 15996
3649, 11997, 14996
3650, 12997, 15996
3651, 11997, 14997
3652, 12996, 14996
3653, 12997, 15996
3654, 11997, 14996
3655, 11997, 14996
3656, 12997, 15996
3657, 11996, 14996
3658, 12996, 14996
3659, 12996, 15996
3660, 11997, 14996
3661, 11997, 14996
3662, 14996, 14996
3663, 11997, 14996
3664, 11996, 14997
3665, 12997, 14996
3666, 12997, 212946
3667, 13997, 19995
3668, 14996, 19994
3669, 15995, 36991
3670, 11996, 14997
3671, 11997, 14996
3672, 11997, 15996
3673, 11997, 15996
3674, 11997, 15996
3675, 11997, 14996
3676, 11997, 14996
3677, 11997, 14996
3678, 11997, 14996
3679, 11997, 15996
3680, 11997, 15996
3681, 11997, 15996
3682, 11997, 14996
3683, 11997, 15996
3684, 11997, 15996
3685, 11997, 15996
3686, 11997, 15996
3687, 11997, 14996
3688, 11997, 14996
3689, 11997, 14996
3690, 11997, 14996
3691, 12997, 14996
3692, 12997, 15996
3693, 12996, 14996
3694, 12996, 14996
3695, 12996, 14997
3696, 11996, 14996
3697, 11997, 14996
3698, 11997, 14996
3699, 11997, 14996
3700, 11997, 15996
3701, 11997, 15996
3702, 10997, 15996
3703, 11997, 15996
3704, 11997, 15996
3705, 10997, 14996
3706, 12997, 14996
3707, 12997, 14997
3708, 12997, 14996
3709, 11997, 14996
3710, 12996, 14996
3711, 11997, 15995
3712, 12997, 15996
3713, 11997, 15996
3714, 11997, 14996
3715, 11997, 15996
3716, 11997, 15996
3717, 11997, 14996
3718, 11997, 14996
3719, 11997, 14996
3720, 12996, 14997
3721, 12996, 15996
3722, 14996, 101974
3723, 11997, 15996
3724, 11997, 34991
3725, 30992, 36990
3726, 28992, 37990
3727, 30992, 36990
3728, 29992, 37991
3729, 30992, 36990
3730, 29992, 36990
3731, 29993, 37990
3732, 29993, 37991
3733, 29993, 37991
3734, 29992, 36991
3735, 30992, 20994
3736, 14997, 17995
3737, 14996, 18995
3738, 14996, 18995
3739, 14996, 18995
3740, 15996, 18995
3741, 14996, 17996
3742, 14996, 18996
3743, 14996, 18995
3744, 15996, 17995
3745, 14996, 18995
3746, 14997, 18995
3747, 14996, 18995
3748, 14997, 18995
3749, 14997, 17995
3750, 14996, 18995
3751, 14996, 18995
3752, 14996, 17996
3753, 14996, 18995
3754, 14996, 19995
3755, 14997, 18995
3756, 14996, 18995
3757, 14996, 18995
3758, 14996, 18996
3759, 14996, 18995
3760, 14996, 18995
3761, 14997, 18995
3762, 14996, 17995
3763, 14996, 18995
3764, 14996, 18995
3765, 14996, 18995
3766, 14996, 18995
3767, 14997, 18995
3768, 14996, 18995
3769, 14996, 18995
3770, 29993, 36991
3771, 29992, 37990
3772, 29992, 70981
3773, 64984, 38990
3774, 29992, 37990
3775, 28992, 36990
3776, 29992, 37990
3777, 29992, 38990
3778, 29992, 37990
3779, 29992, 37990
3780, 28992, 37990
3781, 29992, 37990
3782, 29993, 37990
3783, 30992, 38990
3784, 29993, 36991
3785, 29992, 36991
3786, 29992, 37990
3787, 30992, 37990
3788, 30992, 37990
3789, 29993, 36991
3790, 29992, 37990
3791, 28993, 36991
3792, 29993, 36990
3793, 29993, 36990
3794, 29992, 36990
3795, 29993, 38990
3796, 29992, 37990
3797, 29993, 36991
3798, 30992, 49987
3799, 76980, 46988
3800, 29992, 128967
3801, 29993, 36991
3802, 29992, 37990
3803, 29992, 37990
3804, 30992, 36991
3805, 29992, 36990
3806, 29992, 37990
3807, 29993, 36990
3808, 29993, 36991
3809, 29992, 37990
3810, 29992, 37990
3811, 29992, 36991
3812, 29993, 37991
3813, 29992, 37990
3814, 29993, 37990
3815, 29992, 37990
3816, 29992, 36990
3817, 29992, 38990
3818, 29992, 37990
3819, 29992, 37990
3820, 94975, 71982
3821, 30992, 97975
3822, 19994, 24993
3823, 19994, 23994
3824, 18996, 25993
3825, 19995, 24994
3826, 18995, 23994
3827, 19995, 24994
3828, 55986, 48988
3829, 18995, 23994
3830, 18995, 23994
3831, 19995, 24994
3832, 19995, 32992
3833, 18996, 24994
3834, 19995, 24994
3835, 18995, 23994
3836, 18995, 23993
3837, 37991, 37990
3838, 29992, 35991
3839, 29992, 36991
3840, 29993, 37990
3841, 29992, 37990
3842, 29993, 37991
3843, 30992, 37990
3844, 71981, 37990
3845, 29993, 36991
3846, 29993, 37990
3847, 29992, 37990
3848, 90976, 29992
3849, 19995, 24994
3850, 19995, 24994
3851, 19995, 23994
3852, 18995, 23994
3853, 19995, 24994
3854, 19995, 24994
3855, 19995, 23994
3856, 19995, 24994
3857, 18995, 23994
3858, 18995, 23994
3859, 19995, 24994
3860, 19995, 24994
3861, 18995, 23994
3862, 18995, 23994
3863, 19995, 24994
3864, 19995, 24994
3865, 19995, 23994
3866, 26993, 24994
3867, 19995, 24994
3868, 31991, 23994
3869, 18995, 23994
3870, 18995, 23994
3871, 18995, 24993
3872, 19995, 24993
3873, 19995, 23993
3874, 19995, 24993
3875, 19995, 23994
3876, 18995, 24993
3877, 19995, 24993
3878, 19995, 23993
3879, 18995, 24994
3880, 19995, 24994
3881, 19995, 24994
3882, 18995, 23994
3883, 18995, 23994
3884, 19995, 23994
3885, 18995, 23994
3886, 19995, 23994
3887, 19995, 24994
3888, 19995, 23994
3889, 18995, 23994
3890, 19995, 24994
3891, 19995, 24994
3892, 19995, 23994
3893, 18995, 23994
3894, 18995, 23994
3895, 19995, 23994
3896, 18995, 23994
3897, 19995, 23994
3898, 19995, 24994
3899, 19995, 24994
3900, 19995, 23994
3901, 19995, 71982
3902, 33991, 18995
3903, 14996, 17996
3904, 14996, 18995
3905, 15995, 18995
3906, 14996, 18995
3907, 14996, 19994
3908, 15996, 18995
3909, 14996, 18995
3910, 14997, 18995
3911, 15996, 18995
3912, 14996, 18996
3913, 14996, 18995
3914, 14996, 18995
3915, 15996, 18995
3916, 14996, 18995
3917, 13996, 18995
3918, 14996, 17996
3919, 15996, 18995
3920, 14996, 18995
3921, 14996, 17995
3922, 15996, 18996
3923, 14996, 18995
3924, 14996, 18995
3925, 14997, 17995
3926, 14996, 18995
3927, 18996, 19995
3928, 15996, 18995
3929, 14996, 18995
3930, 15996, 18996
3931, 14996, 18995
3932, 13996, 18995
3933, 14996, 18995
3934, 14997, 19995
3935, 14996, 18995
3936, 14996, 18996
3937, 14996, 18995
3938, 15996, 18995
3939, 26993, 18995
3940, 14996, 18995
3941, 14996, 18995
3942, 14996, 18995
3943, 13996, 18995
3944, 15996, 18996
3945, 15996, 18995
3946, 14996, 17996
3947, 54986, 19995
3948, 12997, 14996
3949, 12997, 14996
3950, 12997, 14996
3951, 11997, 14996
3952, 11997, 14996
3953, 11997, 15996
3954, 11997, 15996
3955, 12997, 14996
3956, 11997, 15996
3957, 11997, 14996
3958, 11997, 15996
3959, 12996, 15996
3960, 11997, 15995
3961, 11997, 15996
3962, 11997, 15995
3963, 11997, 14996
3964, 11997, 14997
3965, 11997, 14996
3966, 11997, 14997
3967, 12996, 14997
3968, 11997, 15995
3969, 11997, 14996
3970, 11997, 14996
3971, 11997, 14996
3972, 12997, 14996
3973, 12997, 15996
3974, 11997, 15996
3975, 11997, 15996
3976, 11996, 14996
3977, 11997, 14996
3978, 12996, 14997
3979, 12997, 14996
3980, 12997, 14996
3981, 46988, 14996
3982, 11997, 14996
3983, 10997, 14996
3984, 13996, 14997
3985, 11997, 14996
3986, 11997, 14996
3987, 12997, 14996
3988, 12997, 14996
3989, 12997, 15996
3990, 11997, 15996
3991, 11997, 14996
3992, 11996, 14997
3993, 12997, 14996
3994, 11997, 15996
3995, 11997, 15996
3996, 11997, 14996
3997, 11997, 14996
3998, 12997, 14996
3999, 11997, 15996
4000, 11997, 14997
4001, 11996, 14997
4002, 11997, 15995
4003, 11997, 14996
4004, 11997, 14996
4005, 11997, 14996
4006, 12997, 14996
4007, 11997, 15996
4008, 11997, 14996
4009, 19995, 14996
4010, 11997, 15996
4011, 10997, 14996
4012, 11997, 14996
4013, 12997, 14996
4014, 11996, 15996
4015, 11997, 15995
4016, 12997, 14996
4017, 12997, 15996
4018, 11997, 15996
4019, 11997, 15996
4020, 11997, 14996
4021, 11997, 14996
4022, 12996, 15996
4023, 11997, 14996
4024, 10997, 14996
4025, 12997, 15996
4026, 11997, 14996
4027, 12997, 15996
4028, 38990, 16996
4029, 11997, 14996
4030, 12996, 14996
4031, 12996, 14997
4032, 12997, 15996
4033, 11997, 15996
4034, 11997, 14996
4035, 11997, 13996
4036, 12997, 15996
4037, 11997, 14996
4038, 11997, 14996
4039, 11997, 14997
4040, 12996, 14997
4041, 11997, 14996
4042, 12997, 14997
4043, 11997, 15996
4044, 11997, 14996
4045, 11997, 14996
4046, 11997, 14996
4047, 12997, 15996
4048, 11996, 15996
4049, 11997, 14996
4050, 11997, 14996
4051, 11997, 14996
4052, 12997, 15996
4053, 11997, 13997
4054, 11997, 14996
4055, 12996, 14997
4056, 11997, 15996
4057, 11997, 15996
4058, 11997, 14996
4059, 11997, 14996
4060, 11997, 14996
4061, 11997, 14996
4062, 11997, 14996
4063, 11997, 14996
4064, 11997, 14996
4065, 12996, 15995
4066, 11997, 15995
4067, 11997, 14996
4068, 11997, 14996
4069, 12997, 15996
4070, 11997, 14996
4071, 11997, 14996
4072, 11997, 14997
4073, 12996, 14997
4074, 11997, 14996
4075, 12997, 15996
4076, 11997, 32992
4077, 11997, 15996
4078, 11997, 14996
4079, 11997, 14996
4080, 12997, 15996
4081, 11997, 15996
4082, 11997, 14997
4083, 11996, 14997
4084, 11997, 14996
4085, 11997, 14996
4086, 11997, 14996
4087, 11997, 15996
4088, 11997, 14996
4089, 11997, 14996
4090, 11997, 14996
4091, 11997, 14996
4092, 11997, 14996
4093, 11997, 14997
4094, 11996, 14997
4095, 11997, 14996
4096, 12997, 15996
4097, 11997, 15996
4098, 11997, 15996
4099, 11997, 14996
4100, 11997, 14996
4101, 11997, 15996
4102, 11997, 15996
4103, 11997, 14996
4104, 29992, 13997
4105, 10997, 13997
4106, 10997, 13997
4107, 10997, 13997
4108, 10997, 13997
4109, 10997, 13997
4110, 10997, 13997
4111, 11997, 13997
4112, 10997, 13997
4113, 10997, 29993
4114, 11997, 13997
4115, 11997, 13997
4116, 11997, 13997
4117, 10997, 13997
4118, 10997, 13996
4119, 10997, 13996
4120, 10997, 14996
4121, 11997, 13997
4122, 11997, 13996
4123, 10997, 13996
4124, 10997, 13996
4125, 10997, 13996
4126, 10998, 15996
4127, 11997, 13997
4128, 10997, 13997
4129, 10997, 13996
4130, 11997, 13996
4131, 10997, 13996
4132, 10997, 13996
4133, 10998, 13996
4134, 10998, 13996
4135, 10997, 13997
4136, 10997, 13996
4137, 10997, 13996
4138, 10997, 13996
4139, 21994, 16996
4140, 10997, 13996
4141, 10997, 13997
4142, 10997, 13997
4143, 10997, 13996
4144, 11997, 13996
4145, 10997, 13997
4146, 10997, 12997
4147, 10997, 36990
4148, 11997, 14996
4149, 12997, 14996
4150, 12997, 15996
4151, 11997, 15996
4152, 11997, 20994
4153, 12997, 18995
4154, 14996, 18995
4155, 11997, 14996
4156, 11997, 14996
4157, 17995, 15996
4158, 11997, 14996
4159, 12997, 14996
4160, 11997, 15996
4161, 11996, 14996
4162, 14997, 15996
4163, 12997, 14996
4164, 11997, 14996
4165, 11997, 14996
4166, 12997, 14996
4167, 12997, 16995
4168, 12997, 14996
4169, 11997, 15996
4170, 11997, 15996
4171, 11997, 13996
4172, 11997, 17995
4173, 12997, 15996
4174, 11997, 13996
4175, 14996, 15996
4176, 12997, 14996
4177, 14996, 14996
4178, 15996, 18995
4179, 15996, 17996
4180, 14996, 18996
4181, 14996, 18995
4182, 16996, 18995
4183, 50987, 36990
4184, 29992, 37990
4185, 46988, 24994
4186, 19995, 23994
4187, 19995, 23994
4188, 18995, 23994
4189, 18995, 23993
4190, 19994, 24993
4191, 19994, 23994
4192, 33992, 24994
4193, 19995, 24994
4194, 19995, 24994
4195, 18995, 25993
4196, 18995, 23994
4197, 19995, 23994
4198, 19995, 23994
4199, 19995, 24994
4200, 70982, 14996
4201, 11997, 14996
4202, 12997, 14996
4203, 11997, 15996
4204, 11997, 15995
4205, 11997, 14996
4206, 11997, 14996
4207, 11997, 14996
4208, 11997, 14996
4209, 11997, 14996
4210, 12996, 14996
4211, 12996, 15996
4212, 12996, 14997
4213, 12997, 15996
4214, 11997, 15996
4215, 11997, 15996
4216, 11997, 15996
4217, 11997, 15996
4218, 11997, 14996
4219, 11997, 14997
4220, 11996, 14997
4221, 11997, 14996
4222, 12997, 14996
4223, 12997, 15996
4224, 11997, 15996
4225, 11997, 14996
4226, 11997, 14996
4227, 11997, 14996
4228, 11997, 14997
4229, 11997, 14996
4230, 11997, 14997
4231, 11997, 14997
4232, 12997, 14996
4233, 11997, 15996
4234, 11997, 14996
4235, 11997, 14996
4236, 11997, 14996
4237, 11997, 14996
4238, 11997, 14996
4239, 11997, 14997
4240, 11996, 14996
4241, 11997, 14996
4242, 12997, 14996
4243, 12997, 15996
4244, 11997, 15996
4245, 11997, 15996
4246, 11997, 15996
4247, 11997, 14997
4248, 11996, 14997
4249, 11997, 14996
4250, 11997, 14996
4251, 11996, 14997
4252, 11997, 14996
4253, 11997, 14996
4254, 11997, 14996
4255, 12997, 14996
4256, 12997, 14996
4257, 39990, 37990
4258, 29992, 37990
4259, 29992, 37990
4260, 29993, 36991
4261, 29992, 37990
4262, 29993, 37990
4263, 29993, 37990
4264, 29992, 36990
4265, 27993, 37990
4266, 30992, 36990
4267, 29992, 35990
4268, 29992, 36990
4269, 29992, 36990
4270, 29993, 36991
4271, 29993, 38990
4272, 29992, 37990
4273, 27992, 37990
4274, 28992, 37990
4275, 30992, 37990
4276, 29992, 87978
4277, 30992, 37990
4278, 43988, 37990
4279, 29992, 36990
4280, 29992, 37990
4281, 29993, 37991
4282, 29992, 36991
4283, 29992, 37990
4284, 29992, 37990
4285, 29993, 37991
4286, 29992, 37991
4287, 29992, 37990
4288, 29992, 36990
4289, 29993, 36990
4290, 29992, 37990
4291, 30992, 175954
4292, 19995, 24994
4293, 18996, 24993
4294, 19995, 24993
4295, 19995, 23994
4296, 19995, 24993
4297, 22994, 24994
4298, 19995, 24993
4299, 19995, 25993
4300, 17995, 23994
4301, 19995, 24994
4302, 19995, 23994
4303, 18995, 23994
4304, 18995, 23994
4305, 19995, 24994
4306, 19995, 38990
4307, 18995, 24994
4308, 19995, 23994
4309, 18995, 23994
4310, 17995, 24993
4311, 19995, 23994
4312, 18995, 23994
4313, 19995, 23994
4314, 18995, 23994
4315, 18995, 23993
4316, 18995, 24994
4317, 18995, 24993
4318, 18996, 23994
4319, 18995, 23994
4320, 18995, 23993
4321, 18995, 23994
4322, 19995, 23994
4323, 19995, 23994
4324, 19995, 24993
4325, 53987, 24994
4326, 19995, 24994
4327, 19995, 23994
4328, 19995, 24994
4329, 19995, 24994
4330, 18995, 23994
4331, 18995, 23994
4332, 19995, 24994
4333, 19995, 24994
4334, 18995, 23994
4335, 19995, 23994
4336, 19995, 24994
4337, 19995, 23994
4338, 18995, 23994
4339, 19995, 24993
4340, 19995, 24994
4341, 19995, 23994
4342, 18995, 23994
4343, 29993, 18995
4344, 14996, 18995
4345, 14996, 18995
4346, 13996, 22994
4347, 14996, 18995
4348, 14996, 18996
4349, 14996, 17996
4350, 14996, 18995
4351, 14996, 18995
4352, 14996, 18995
4353, 14996, 18995
4354, 15996, 18996
4355, 15996, 18995
4356, 14996, 18995
4357, 63983, 18995
4358, 14996, 17996
4359, 14996, 18995
4360, 14996, 20995
4361, 15996, 27993
4362, 31992, 18995
4363, 14996, 18995
4364, 14996, 18995
4365, 14997, 18995
4366, 14996, 18995
4367, 14996, 18995
4368, 14996, 18995
4369, 13997, 18995
4370, 14996, 18995
4371, 14996, 18995
4372, 14996, 18995
4373, 14996, 17995
4374, 14996, 17996
4375, 14996, 18995
4376, 14996, 17996
4377, 14996, 18996
4378, 14996, 17996
4379, 14996, 18995
4380, 14996, 18995
4381, 14997, 18995
4382, 14996, 18995
4383, 14997, 18995
4384, 15996, 18995
4385, 14996, 18995
4386, 68983, 23994
4387, 17995, 18995
4388, 14996, 18996
4389, 13996, 17996
4390, 14996, 18996
4391, 15996, 18995
4392, 14997, 18995
4393, 14996, 18995
4394, 14996, 18996
4395, 14996, 18995
4396, 14996, 18995
4397, 14997, 18995
4398, 14996, 29992
4399, 15996, 18995
4400, 14996, 18995
4401, 13997, 19995
4402, 15996, 18995
4403, 14996, 18995
4404, 15996, 18995
4405, 14996, 18995
4406, 14996, 19994
4407, 15996, 30992
4408, 11997, 14996
4409, 11997, 15996
4410, 11997, 14996
4411, 18995, 15995
4412, 11997, 19995
4413, 14996, 20994
4414, 14996, 14996
4415, 31992, 35991
4416, 11997, 14996
4417, 12997, 15996
4418, 11997, 14996
4419, 10997, 14996
4420, 12997, 15996
4421, 11997, 14996
4422, 12997, 15996
4423, 11996, 15996
4424, 11997, 14996
4425, 11997, 14996
4426, 11997, 15996
4427, 11997, 15996
4428, 11997, 14996
4429, 11997, 14996
4430, 11997, 15996
4431, 11996, 14997
4432, 12997, 15995
4433, 11997, 14996
4434, 11997, 14996
4435, 12997, 15996
4436, 11997, 14996
4437, 12996, 14996
4438, 12996, 15995
4439, 11997, 14996
4440, 12997, 14996
4441, 11997, 15996
4442, 17995, 65983
4443, 11997, 14996
4444, 12997, 17995
4445, 11997, 14996
4446, 11997, 14996
4447, 11996, 15995
4448, 12996, 15995
4449, 11997, 14996
4450, 12997, 15996
4451, 11997, 15996
4452, 11997, 14996
4453, 11997, 15995
4454, 12996, 15996
4455, 11997, 15996
4456, 11997, 14996
4457, 11997, 14996
4458, 11997, 14996
4459, 11997, 14996
4460, 12996, 15996
4461, 11997, 15995
4462, 11997, 15996
4463, 11997, 14996
4464, 11997, 14996
4465, 11997, 15996
4466, 11997, 14996
4467, 12997, 14996
4468, 11997, 15996
4469, 11997, 15996
4470, 11997, 14996
4471, 11997, 14996
4472, 12997, 15996
4473, 11997, 14997
4474, 12996, 14997
4475, 11997, 15996
4476, 12997, 15996
4477, 11997, 45988
4478, 20995, 20995
4479, 15996, 25993
4480, 16995, 18995
4481, 14996, 19995
4482, 17995, 15996
4483, 15996, 15996
4484, 12996, 14996
4485, 11997, 14996
4486, 12997, 15996
4487, 11997, 43988
4488, 20995, 25993
4489, 20995, 25993
4490, 14996, 24994
4491, 15996, 18995
4492, 34991, 39990
4493, 14996, 21994
4494, 16995, 22994
4495, 16995, 22994
4496, 14996, 41989
4497, 29992, 24994
4498, 14996, 20994
4499, 13996, 19995
4500, 16995, 47988
4501, 77980, 35991
4502, 23993, 47988
4503, 14996, 19995
4504, 68983, 27993
4505, 11997, 15996
4506, 12996, 20995
4507, 12997, 15996
4508, 11997, 14996
4509, 36990, 69982
4510, 30992, 37990
4511, 29992, 14997
4512, 11997, 14996
4513, 15996, 15996
4514, 11997, 14996
4515, 12996, 15996
4516, 12997, 15996
4517, 11997, 18995
4518, 11997, 14996
4519, 12997, 14996
4520, 11997, 15996
4521, 12997, 14996
4522, 12996, 15996
4523, 11997, 14996
4524, 12997, 15996
4525, 11997, 14997
4526, 11996, 14996
4527, 52986, 18995
4528, 11997, 15996
4529, 11997, 14996
4530, 12997, 15996
4531, 11997, 14996
4532, 11997, 13996
4533, 32991, 14996
4534, 11997, 15995
4535, 11997, 43989
4536, 10997, 15996
4537, 11997, 14996
4538, 11997, 14996
4539, 12996, 15996
4540, 11997, 14996
4541, 11997, 14996
4542, 11997, 15996
4543, 11997, 15996
4544, 11997, 14996
4545, 11997, 14996
4546, 12996, 15996
4547, 11997, 14996
4548, 11997, 14996
4549, 12997, 15996
4550, 11997, 14996
4551, 11997, 15996
4552, 11997, 15996
4553, 11997, 14996
4554, 12997, 14996
4555, 12997, 15996
4556, 11997, 14997
4557, 11996, 14996
4558, 12997, 14996
4559, 11997, 15996
4560, 11997, 14996
4561, 11997, 14996
4562, 12996, 15996
4563, 12996, 15995
4564, 11997, 14996
4565, 11997, 15996
4566, 11997, 14996
4567, 14996, 14996
4568, 18996, 14997
4569, 11996, 14997
4570, 12997, 14996
4571, 12997, 14996
4572, 12997, 15996
4573, 11997, 15996
4574, 11997, 15996
4575, 11997, 15996
4576, 11997, 15996
4577, 12996, 14997
4578, 12997, 15996
4579, 11997, 14996
4580, 11997, 14996
4581, 11997, 14996
4582, 11997, 14996
4583, 11997, 14996
4584, 11997, 14996
4585, 11996, 14997
4586, 12997, 14996
4587, 11997, 15996
4588, 11997, 14996
4589, 11997, 15996
4590, 11997, 15996
4591, 11996, 15996
4592, 11997, 15996
4593, 11997, 15996
4594, 11997, 15996
4595, 11997, 15996
4596, 11996, 14997
4597, 11997, 14996
4598, 11997, 15996
4599, 11997, 15996
4600, 11997, 14996
4601, 11997, 14996
4602, 11997, 14996
4603, 11997, 14996
4604, 12997, 21995
4605, 11997, 14996
4606, 11997, 14997
4607, 11996, 15996
4608, 11997, 14996
4609, 11997, 15996
4610, 11997, 14996
4611, 11997, 14996
4612, 11997, 14996
4613, 12996, 31991
4614, 11997, 15996
4615, 11997, 14996
4616, 12996, 15996
4617, 11997, 23994
4618, 18995, 21994
4619, 14997, 15996
4620, 10997, 14996
4621, 11997, 14996
4622, 11997, 14996
4623, 11997, 14996
4624, 11997, 14996
4625, 11997, 15995
4626, 11997, 14996
4627, 11997, 14996
4628, 11997, 14996
4629, 11997, 14996
4630, 11997, 14996
4631, 12997, 15996
4632, 11997, 14996
4633, 11997, 14996
4634, 11997, 15996
4635, 11997, 14997
4636, 11996, 14996
4637, 11997, 15996
4638, 11997, 15996
4639, 11997, 14996
4640, 11997, 14996
4641, 11997, 14996
4642, 12996, 14996
4643, 12996, 14997
4644, 12996, 14997
4645, 12997, 15996
4646, 11997, 14996
4647, 11997, 15996
4648, 11997, 15996
4649, 11996, 15996
4650, 11997, 15995
4651, 11997, 16996
4652, 30992, 37991
4653, 29992, 36990
4654, 30992, 37990
4655, 32991, 36991
4656, 29992, 37990
4657, 29992, 36990
4658, 29992, 37990
4659, 29993, 37991
4660, 29992, 36991
4661, 29992, 36990
4662, 29993, 37991
4663, 30992, 37990
4664, 29992, 37990
4665, 29992, 37990
4666, 29993, 37991
4667, 29992, 36990
4668, 29992, 36990
4669, 29992, 38990
4670, 29993, 37991
4671, 29993, 37991
4672, 21995, 23994
4673, 18996, 23994
4674, 18996, 23994
4675, 19995, 23993
4676, 19994, 24993
4677, 19994, 23994
4678, 18995, 23994
4679, 18995, 24994
4680, 19995, 24994
4681, 18995, 24994
4682, 18995, 23994
4683, 19995, 23994
4684, 18995, 23994
4685, 19995, 24994
4686, 18995, 23994
4687, 18995, 23994
4688, 19995, 24994
4689, 19995, 23994
4690, 18995, 23994
4691, 18995, 24993
4692, 18996, 23994
4693, 19995, 23993
4694, 19994, 24993
4695, 18995, 23994
4696, 29993, 36991
4697, 29992, 37990
4698, 30992, 37990
4699, 29993, 56986
4700, 29992, 37990
4701, 30992, 37990
4702, 30992, 36990
4703, 29993, 36991
4704, 29992, 36990
4705, 29992, 37990
4706, 27993, 36990
4707, 29992, 37990
4708, 30992, 37990
4709, 30992, 37990
4710, 30992, 37990
4711, 29992, 37990
4712, 29992, 37990
4713, 29992, 37990
4714, 29993, 37991
4715, 30992, 37990
4716, 30992, 36991
4717, 29992, 37990
4718, 29993, 37990
4719, 29992, 38990
4720, 29992, 37990
4721, 29993, 37990
4722, 29993, 37991
4723, 29992, 37990
4724, 29992, 37990
4725, 29993, 37991
4726, 29992, 37990
4727, 29992, 36990
4728, 29992, 36991
4729, 29993, 37991
4730, 37990, 37991
4731, 29993, 37990
4732, 29992, 37990
4733, 30992, 37990
4734, 29992, 37990
4735, 29993, 37990
4736, 27993, 37991
4737, 29992, 36990
4738, 29992, 37991
4739, 30992, 37990
4740, 29992, 37990
4741, 30992, 37990
4742, 29992, 37990
4743, 29993, 37990
4744, 27993, 37991
4745, 29992, 37990
4746, 29992, 37990
4747, 29993, 37991
4748, 30992, 37990
4749, 29993, 79980
4750, 29992, 37990
4751, 29992, 38990
4752, 29992, 37990
4753, 29992, 36991
4754, 29992, 37990
4755, 29992, 36991
4756, 29993, 37991
4757, 29992, 37991
4758, 29992, 37990
4759, 29992, 37990
4760, 29993, 36991
4761, 30992, 37990
4762, 30992, 36990
4763, 29992, 37990
4764, 29993, 37990
4765, 29993, 37990
4766, 29992, 37991
4767, 29992, 37990
4768, 29992, 37990
4769, 65983, 42989
4770, 29992, 37990
4771, 30992, 38990
4772, 30992, 35991
4773, 29992, 37990
4774, 29993, 37990
4775, 29992, 36991
4776, 29992, 37990
4777, 29992, 36991
4778, 29993, 42989
4779, 29993, 37990
4780, 43989, 37990
4781, 29992, 36990
4782, 29993, 37991
4783, 29992, 37990
4784, 29993, 37990
4785, 29993, 36991
4786, 30992, 37990
4787, 29993, 37991
4788, 72982, 37990
4789, 29993, 37990
4790, 29993, 36991
4791, 29992, 36990
4792, 29992, 37991
4793, 29992, 37990
4794, 28992, 36990
4795, 29992, 38990
4796, 29992, 37990
4797, 30992, 92977
4798, 47988, 36991
4799, 30992, 37990
4800, 29992, 37990
4801, 29992, 36990
4802, 29992, 37990
4803, 29993, 65983
4804, 33991, 42989
4805, 32991, 37990
4806, 29993, 37990
4807, 30992, 37990
4808, 29992, 36990
4809, 54985, 68983
4810, 29993, 37991
4811, 29992, 36991
4812, 29992, 37991
4813, 29992, 37990
4814, 29992, 37990
4815, 29993, 37990
4816, 29992, 36991
4817, 29992, 37990
4818, 29992, 37990
4819, 29992, 37990
4820, 29993, 37991
4821, 29992, 36990
4822, 29992, 37990
4823, 29992, 36991
4824, 29992, 36991
4825, 29992, 36990
4826, 29992, 36990
4827, 29992, 37990
4828, 29993, 37991
4829, 29992, 37991
4830, 30992, 36990
4831, 29992, 37990
4832, 29993, 37990
4833, 28993, 37991
4834, 44988, 163957
4835, 19995, 23994
4836, 18995, 23994
4837, 19995, 26993
4838, 19995, 24993
4839, 19995, 24993
4840, 19995, 23993
4841, 17996, 24994
4842, 19995, 24994
4843, 19995, 24994
4844, 23994, 23994
4845, 19995, 24994
4846, 19995, 24994
4847, 19995, 24994
4848, 19995, 23994
4849, 18995, 23994
4850, 19995, 23994
4851, 18995, 23994
4852, 18995, 23994
4853, 19995, 23994
4854, 19995, 24994
4855, 19995, 24994
4856, 19995, 24994
4857, 19995, 24994
4858, 19995, 24994
4859, 19995, 24994
4860, 19995, 24994
4861, 19995, 24993
4862, 19994, 24993
4863, 19994, 23994
4864, 32991, 24994
4865, 18995, 23994
4866, 18995, 23994
4867, 19995, 25994
4868, 19995, 23994
4869, 18995, 23994
4870, 30992, 18995
4871, 13997, 18995
4872, 13997, 18995
4873, 14996, 18995
4874, 14996, 18995
4875, 14996, 18995
4876, 14996, 18995
4877, 14996, 18995
4878, 23994, 23993
4879, 17996, 23994
4880, 19994, 18995
4881, 14997, 17995
4882, 15996, 17995
4883, 14996, 17996
4884, 14996, 19995
4885, 14997, 18995
4886, 14996, 18995
4887, 14996, 18995
4888, 13996, 19995
4889, 14996, 18995
4890, 14996, 19995
4891, 14997, 18995
4892, 15996, 18995
4893, 14996, 18996
4894, 14996, 18995
4895, 14996, 18995
4896, 14996, 17995
4897, 14997, 17995
4898, 14996, 17995
4899, 14996, 18995
4900, 14996, 20994
4901, 14996, 18995
4902, 14996, 18995
4903, 14996, 18996
4904, 14996, 17996
4905, 14996, 18996
4906, 14996, 18995
4907, 14996, 17995
4908, 14996, 17995
4909, 14996, 18995
4910, 14996, 18995
4911, 14996, 18996
4912, 14996, 44989
4913, 18995, 18995
4914, 15995, 18995
4915, 14997, 32991
4916, 11997, 14996
4917, 11997, 14996
4918, 12997, 15996
4919, 10997, 15996
4920, 11997, 14996
4921, 11997, 14996
4922, 12997, 15996
4923, 11997, 14996
4924, 12996, 14996
4925, 11997, 15996
4926, 11997, 14996
4927, 12997, 14996
4928, 12997, 15996
4929, 11997, 14996
4930, 11997, 15996
4931, 10997, 14996
4932, 12996, 14996
4933, 11997, 14997
4934, 11996, 14997
4935, 12997, 15996
4936, 11997, 14996
4937, 12997, 14996
4938, 11997, 14996
4939, 12997, 15996
4940, 11997, 23994
4941, 13996, 14997
4942, 11997, 14996
4943, 11997, 14996
4944, 11997, 15996
4945, 11997, 14996
4946, 12996, 15996
4947, 11997, 14996
4948, 11997, 14996
4949, 12997, 14996
4950, 11997, 14996
4951, 10997, 14996
4952, 11997, 15996
4953, 11997, 15996
4954, 11997, 14997
4955, 11997, 14996
4956, 11997, 15996
4957, 12997, 15996
4958, 11997, 14996
4959, 12997, 17996
4960, 10998, 14996
4961, 67982, 13997
4962, 12997, 14996
4963, 11997, 14996
4964, 11997, 14996
4965, 12997, 14996
4966, 11997, 14996
4967, 12997, 14996
4968, 11997, 15996
4969, 11996, 14996
4970, 12997, 14996
4971, 11997, 15996
4972, 11997, 14996
4973, 11997, 22994
4974, 12997, 15996
4975, 11997, 14996
4976, 11997, 14996
4977, 12996, 14996
4978, 11997, 15996
4979, 11997, 14997
4980, 12997, 14996
4981, 12997, 15996
4982, 11997, 14996
4983, 12996, 15995
4984, 11997, 14996
4985, 12997, 14996
4986, 11997, 15996
4987, 11997, 14996
4988, 11997, 14996
4989, 11997, 14997
4990, 12996, 15996
4991, 11997, 14996
4992, 11997, 14996
4993, 11997, 14996
4994, 11997, 14996
4995, 11997, 14996
4996, 12996, 14996
4997, 11997, 15995
4998, 11997, 14996
4999, 11997, 14996
